100
[7016, 6553, 3538, 4479, 4835, 4161, 7796, 5062, 5969, 6043, 5159, 3330, 5779, 6303, 5130, 4868, 3154, 4346, 3852, 6259, 3146, 5183, 3670, 4948, 5851, 7575, 5394, 5829, 2824, 4850, 4521, 4489, 4156, 4692, 6345, 4739, 7269, 6020, 4514, 4619, 3999, 5951, 4325, 5179, 5661, 3177, 6110, 4991, 6433, 3963, 5087, 5528, 5282, 5634, 3978, 3638, 5783, 4198, 5017, 5423, 6288, 3880, 5862, 6783, 6503, 4498, 5703, 4069]
100
[6010, 5085, 3285, 4374, 3514, 3615, 5576, 3416, 5289, 2996, 4532, 5174, 3357, 3854, 4213, 4104, 3582, 5034, 4559, 3218, 3743, 4568, 2906, 3771, 5680, 5478, 3597, 4874, 4732, 5019, 4056, 3432, 8737, 4604, 3207, 3947, 3825, 4729, 4547, 6213, 2846, 5563, 4732, 3472, 4918, 5459, 3925, 6993, 2791, 4559, 4824, 4714, 3489, 3471, 4920, 3126, 4901, 7262, 2118, 4602, 4299, 5191, 4598, 4367, 4364, 4523, 4094, 7486]
100
[3976, 7457, 5368, 4572, 3449, 6723, 7353, 5591, 4121, 7028, 5483, 4936, 5076, 3828, 5909, 5064, 5270, 4737, 3859, 4029, 5780, 4598, 5571, 4326, 6389, 4187, 4398, 4431, 4140, 5236, 4982, 5170, 4282, 4994, 6775, 6380, 5352, 4553, 3585, 6249, 5041, 6570, 4231, 5797, 4572, 4585, 6037, 3572, 4591, 3479, 5566, 6972, 4148, 5268, 5268, 5242, 6361, 4703, 6144, 5762, 5319, 3965, 6438, 7953, 4318, 5105, 5530, 5664, 4925, 4194, 4750, 5587, 4632, 6375, 3438, 6300, 6967, 5832, 6041]
100
[3709, 4932, 3563, 3516, 3949, 4606, 3383, 5370, 4107, 3448, 7226, 3980, 3897, 4915, 5889, 5206, 4586, 6106, 3913, 5612, 3913, 4852, 4303, 5016, 4260, 3172, 4707, 4679, 2804, 3623, 5185, 6501, 5157, 6800, 4438, 4788, 4696, 4113, 6027, 3213, 3733, 4865, 5289, 5914, 5254, 5007, 4005, 5569, 4453, 5766, 5288, 2966, 4173, 5907, 5983, 4726]
100
[4017, 3653, 4389, 3319, 4531, 6547, 4642, 6494, 5037, 3489, 4830, 3601, 6689, 4763, 5021, 6511, 2687, 5998, 3298, 5413, 4550, 4320, 4544, 4879, 7404, 7750, 7611, 3805, 4615, 4926, 5658, 3190, 7336, 4924, 5081, 6618, 4793, 4246, 4158, 4993, 3645, 4708, 2659, 5785, 5785, 3847, 3878, 3563, 6107, 5599, 6281, 3801, 4294, 5433, 4609, 5370, 4863, 4384, 4422, 5358, 4982, 3618, 4593, 5320, 5778, 4226, 3495, 4631, 5904, 3877, 4381]
100
[6171, 4465, 3024, 5743, 3970, 5272, 4265, 3265, 5995, 4321, 4415, 4309, 4896, 4500, 4994, 4642, 3773, 4078, 4306, 4048, 4210, 3908, 3763, 4066, 6363, 7768, 3422, 5244, 4314, 5418, 7117, 3424, 3689, 4073, 5023, 4990, 4167, 4174, 4895, 5715, 5199, 3663, 5857, 4873, 3468, 4691, 7276, 4370, 5398, 4463, 3734, 7718, 4088, 5700, 3999, 4808, 4130, 5047, 4633, 4718, 4385, 3486, 4783, 3999, 4998, 4673, 4136, 4029, 4482, 4578, 3368, 6022, 6089, 4008, 5409, 4514, 5035, 6291, 3849, 4900, 3428]
100
[4993, 5551, 5772, 6977, 6277, 4427, 5229, 4504, 5150, 5400, 3629, 7027, 5176, 5016, 6188, 5733, 3641, 3185, 7880, 4265, 5278, 5563, 4333, 4463, 6798, 3962, 5237, 6042, 5166, 5834, 5848, 5225, 4261, 3632, 5807, 4411, 6749, 5305, 6172, 6554, 3859, 3887, 4164, 4220, 4304, 5362, 5114, 5764, 4332, 7006, 5102, 6235, 4963, 5342, 5604, 7417, 4609, 4229, 6840, 5348, 4789, 6939, 6624, 6203, 6188, 3424, 5152, 5455, 4984, 5295, 3865, 4334, 5957, 3838, 4202]
100
[4928, 3974, 4060, 5647, 4260, 5221, 5736, 3660, 4532, 6458, 4801, 3585, 4309, 3719, 6880, 5365, 3257, 4081, 6947, 7099, 6665, 3391, 6585, 5673, 3288, 2876, 3963, 4035, 5747, 4922, 6237, 5579, 4944, 6492, 4253, 4457, 5539, 6747, 6011, 6869, 4941, 3786, 5533, 5239, 4490, 4515, 5440, 3924, 6587, 3639, 3533, 5381, 6906, 3887, 4960, 3631, 4244, 3988, 4996, 3658, 3767, 4920, 3285, 3336, 4634]
100
[5052, 4104, 3254, 3813, 4157, 4820, 5797, 3956, 4252, 4756, 3847, 6615, 4086, 3555, 5256, 6144, 3346, 6200, 3692, 4466, 4874, 5583, 3708, 5095, 5218, 4191, 4073, 3921, 4506, 4328, 3548, 3865, 3827, 4427, 6014, 4712, 4867, 3578, 4554, 4415, 5351, 4123, 4224, 4699, 4213, 4484, 3641, 4026, 4087, 4187, 4125, 5363, 4049, 5419, 5843, 4800, 5654, 4263, 6644, 3835, 4525, 4935, 3974, 3566, 3434]
100
[7071, 3674, 4976, 4089, 6483, 6539, 5481, 5560, 5812, 5562, 4094, 6464, 5547, 4060, 3981, 3663, 6558, 5850, 6402, 4490, 6338, 5463, 7068, 7736, 4638, 6602, 4497, 6351, 8616, 7065, 6580, 4549, 3950, 3460, 7083, 4793, 3756, 6012, 6492, 5377, 4120, 5121, 5803, 5226, 5624, 3068, 7489, 4264, 4714, 6589, 4763, 5688, 5945, 5337, 5136, 3769, 4703, 3635, 6091, 6442, 5552, 7060, 6259, 5686, 3320, 5173, 4561, 6602, 5955, 4623, 6955, 6745, 5944, 5469, 3899, 6355, 5271, 5396, 5414, 5061, 5131]
100
[3706, 4296, 4529, 4906, 5191, 3848, 3303, 7644, 5020, 6197, 3730, 5908, 3912, 5045, 5355, 6352, 5212, 4844, 6218, 4962, 4453, 5780, 6013, 4471, 4203, 3890, 4675, 3885, 4477, 4193, 6717, 3962, 2868, 3283, 4188, 3827, 3587, 3668, 5190, 6520, 4886, 4879, 4534, 3630, 4702, 6661, 3345, 4932, 4609, 6818, 5470, 5376, 2620, 5439, 4992, 3522, 3720, 4845, 3553, 5297, 4317, 4703, 3398, 4391, 4549, 3449, 4758, 2998, 3960, 3676, 6116, 8151]
100
[]
100
[6601, 4356, 4113, 6737, 4785, 3996, 5426, 3811, 3935, 6050, 6425, 6895, 5207, 4042, 5428, 7115, 5820, 4283, 2730, 7924, 6930, 5186, 4992, 4635, 4023, 4810, 3477, 4119, 5342, 5846, 6244, 3989, 4326, 6642, 5112, 4157, 5420, 4814, 5107, 4258, 6800, 5185, 5219, 7482, 3354, 5261, 4245, 4212, 4550, 5219, 4298, 4432, 4793, 3909, 3576, 2983, 5888, 5035, 4825, 5655, 3228, 3026, 4688, 2672, 3981, 6658, 6158, 6024, 4440, 3807, 7675, 4129, 5205, 3558, 3550, 2895, 5791, 5152, 5446, 3824, 4084, 5083]
100
[4615, 5061, 3453, 4966, 4771, 2893, 4254, 5874, 5520, 5435, 4539, 4724, 4307, 3965, 5025, 3575, 4292, 5691, 3399, 3896, 4848, 5478, 4838, 5523, 6090, 4006, 6007, 3442, 3488, 6607, 5266, 5095, 5685, 4182, 6631, 5206, 3740, 4534, 4691, 3488, 4350, 4431, 3920, 4068, 6463, 4455, 3879, 3808, 4908, 5191, 5077, 4663, 4521]
100
[6346, 5603, 3956, 4762, 5300, 3978, 6792, 4372, 5147, 3470, 4548, 4112, 5067, 4849, 3457, 4828, 4096, 4937, 6035, 5050, 3922, 4743, 3315, 4299, 5805, 4654, 5869, 4392, 5603, 5450, 4200, 4108, 4486, 5078, 4138, 3607, 5109, 3693, 3507, 3906, 4512, 4791, 5906, 3632, 3472, 2963, 3949, 4727, 3641, 3593, 5724, 3888, 5292, 5428, 3326, 3880, 4376, 3658, 4500, 4832, 3132, 3824, 4630, 5173, 3452, 3478, 4310, 5125, 4277, 2539, 4718, 6616, 5990, 4722]
100
[4835, 3483, 5278, 3575, 4075, 5392, 4094, 4137, 3370, 3472, 4721, 3489, 5017, 3801, 4518, 4771, 3660, 4906, 3559, 6009, 4598, 3006, 3780, 6075, 4329, 5991, 4607, 3824, 5233, 4883, 4511, 3122, 6206, 6455, 5139, 5834, 5979, 4318, 6343, 5778, 3820, 4489, 3689, 4455, 4321, 3866, 6690, 5793, 5325, 4037, 5345, 4389, 5055, 3933, 4550, 5583, 5525, 4407, 5377, 5722, 5307, 3371, 4451, 5825, 7166, 4828]
100
[4687, 6057, 6218, 6325, 7397, 4998, 3827, 5460, 4208, 5092, 5339, 7076, 3534, 4674, 6678, 7479, 5323, 3969, 4071, 4391, 3934, 6058, 4332, 3401, 5679, 3221, 4522, 4050, 5262, 5911, 3937, 7099, 3997, 5230, 4294, 6172, 4216, 4710, 5213, 5117, 4564, 6005, 3504, 5573, 6602, 5720, 6911, 5214, 4005, 4056, 4200, 4311, 4638, 4117, 4114, 5493, 6655, 5994, 6847, 4427, 6779, 4585, 7225, 6372, 4447, 3587, 5190, 4534, 4269, 6227, 5449, 3757, 5477, 4694, 4927, 4729, 6406, 4819, 4871, 4258, 6405, 4621, 4341, 5313, 5616]
100
[3999, 3395, 3883, 6248, 4449, 3088, 4723, 5745, 4906, 4650, 7051, 3918, 5753, 4624, 4147, 3601, 4076, 5116, 5004, 4468, 4740, 5141, 4523, 3440, 3328, 3213, 4941, 5271, 5016, 4556, 3450, 3971, 4659, 4551, 4595, 4984, 5304, 5272, 5364, 4986, 3113, 3525, 3227, 5735, 5014, 4250, 3988, 4099, 5039, 6296, 4290, 4479, 4796, 5139, 4796, 5171, 3911, 4402, 3685, 4955, 4498, 4934, 5267, 4427, 4201, 4647, 3967, 7271, 2659, 5307, 5854]
100
[6736, 5856, 6628, 5107, 6910, 5522, 5857, 5585, 4455, 4005, 4708, 5842, 3989, 7143, 4542, 4226, 5964, 7530, 5783, 5051, 6523, 6099, 4827, 5495, 6401, 5732, 4965, 5293, 3814, 7401, 5261, 4602, 3734, 7590, 7447, 5345, 6077, 4325, 5729, 5580, 5751, 5312, 8728, 4481, 6466, 5013, 6521, 3360, 4380, 8003, 6357, 4733, 5858, 7441, 3721, 4624, 3573, 7815, 4558, 6751, 5159, 5033, 6158, 5187, 8132, 6293, 5444, 5335, 4949]
100
[3587, 4891, 4557, 4872, 5730, 6048, 2915, 3992, 3956, 6423, 5097, 6335, 5839, 4388, 5597, 4693, 4955, 4758, 6835, 5764, 5535, 5315, 5230, 6244, 3888, 4696, 4773, 5066, 5130, 7426, 5152, 3825, 5211, 6534, 4492, 6051, 5259, 5435, 6273, 4275, 5124, 5714, 4955, 5806, 5358, 6667, 4542, 6085, 3874, 4768, 5521, 4506, 4296, 4487, 5611, 4968, 4180, 5881, 3930, 4234, 6580, 4833, 3511, 5568, 4958, 6108, 6010, 3858, 5914, 5779, 5747, 5993, 4206]
100
[4381, 6168, 4510, 4462, 5937, 4569, 4807, 5031, 5034, 4878, 4962, 4155, 5389, 5937, 4779, 4810, 5849, 4632, 6875, 4940, 5421, 3246, 6323, 6881, 5040, 3677, 4695, 4958, 3998, 2874, 5501, 4714, 6168, 5499, 4859, 5068, 4373, 4005, 4566, 4509, 5763, 4571, 2990, 4256, 5552, 4876, 5698, 3890, 4134, 5935, 4813, 4178, 4965, 3722, 5275, 5295, 5498, 5344, 5758, 4721, 4340, 3621, 5010, 4958, 5121, 4344, 5541, 3434, 5045, 4827, 5459]
100
[4190, 4506, 4102, 5261, 6114, 4282, 3815, 4305, 4595, 5211, 6314, 5156, 3135, 5164, 4632, 4170, 5043, 3864, 4698, 3807, 4841, 4551, 4970, 4447, 4049, 6597, 6178, 5224, 4861, 7131, 4119, 4995, 2928, 4676, 5452, 4579, 3475, 4634, 4425, 3638, 4708, 3688, 3413, 3711, 5046, 4315, 4849, 5129, 4793, 5251, 6056, 4582, 4519, 3713, 4764, 6520, 4101, 4474, 5446, 5730, 5662, 4148, 4146, 5888, 3906, 3652, 3065, 5372, 4553, 3617, 4789, 5195, 3654, 4964, 3802, 4675, 7248, 3905, 3346, 4733, 3940]
100
[4227, 4606, 2755, 6274, 6093, 5391, 7288, 2933, 4953, 4718, 4305, 6255, 3969, 4142, 5035, 4419, 3138, 5185, 5924, 3369, 5652, 3755, 3726, 5231, 3397, 5958, 7299, 6285, 3881, 3632, 4105, 4095, 6226, 3675, 5073, 3777, 6898, 4013, 4261, 6910, 4139, 4796, 4827, 4332, 4396, 2857, 5292, 3722, 3195, 4423, 4285, 4604, 3729, 4653, 4389, 3161, 4005, 5092, 5290, 3200, 6447, 4776, 4438, 6630, 3689, 5129, 4522, 4516, 3974, 4985, 5604, 3422, 5021, 4164]
100
[5564, 5995, 5499, 7098, 5949, 3319, 5204, 4698, 4533, 4001, 6253, 5546, 4558, 7124, 4429, 4762, 3951, 4612, 3658, 5639, 4125, 6920, 5654, 6139, 4574, 3710, 6842, 5148, 4799, 4657, 7625, 4670, 4552, 4262, 4821, 5511, 3709, 5584, 5692, 5357, 4455, 3728, 5397, 4787, 5254, 4825, 3551, 3951, 7186, 4158, 4911, 5834, 5171, 3692, 7170, 4732, 7331, 4424, 6365, 5983]
100
[4619, 4737, 3463, 4070, 4303, 4273, 3847, 4199, 4040, 5081, 4255, 6038, 3879, 3777, 4757, 3993, 5276, 3939, 3751, 5725, 4337, 5120, 6329, 3577, 4610, 4025, 4181, 3955, 4510, 4769, 4754, 3286, 5371, 6136, 4128, 4483, 4620, 4118, 3529, 4729, 4251, 5158, 5850, 3908, 4645, 3788, 5261, 4376, 4931, 5890, 5521, 3738, 5824, 4123, 3247, 3621, 3930, 3796, 4229, 3538, 4181, 7153, 4529, 4448, 4517, 4541, 6190, 4155, 6237]
100
[4021, 3930, 6622, 6672, 4383, 3970, 3537, 3200, 6251, 3748, 4428, 3385, 3439, 4846, 6479, 3770, 4641, 7360, 3594, 5079, 6334, 3609, 3934, 3692, 4936, 3591, 4103, 4108, 4952, 7390, 4267, 5697, 5137, 5379, 3399, 4182, 4242, 5473, 4591, 5900, 4527, 4024, 6683, 5712, 6082, 3517, 5454, 6469, 4579, 3947, 4313, 5595, 4020, 4110, 5317, 5011, 7299, 4371, 6400, 6799]
100
[4183, 5409, 3886, 5263, 5060, 6742, 4664, 6741, 5150, 6865, 4598, 5270, 5266, 5393, 7191, 6414, 4220, 5013, 4924, 4102, 6009, 5878, 6460, 6191, 4448, 3313, 3860, 4097, 6214, 6795, 3961, 4622, 4624, 3533, 4854, 5150, 4073, 4783, 5508, 6497, 6678, 4567, 4644, 3668, 3969, 4291, 6030, 4690, 6388, 6644, 6162, 3743, 4551, 6643, 4952, 4454, 3478, 5449, 3916, 3624, 3919, 5695]
100
[5154, 5747, 5674, 3353, 4489, 6474, 5877, 6569, 4728, 4328, 5866, 4658, 6516, 4310, 5227, 6437, 4685, 6800, 3706, 6088, 3018, 6061, 4029, 6142, 5617, 6749, 6112, 6060, 5431, 4807, 5028, 6617, 4661, 5478, 3677, 6928, 3544, 4645, 5469, 4060, 4501, 5510, 3914, 8094, 4621, 4708, 4684, 3602, 4386, 7612, 4904, 4576, 5324, 7221, 5969, 6262, 4616, 4478, 3958, 6177, 6032, 4332, 4944, 5359, 5582, 7390, 5723, 6525, 6553, 5812]
100
[5020, 7644, 5853, 5298, 3767, 5364, 3376, 4447, 4839, 5150, 4266, 3186, 4972, 3501, 3926, 4641, 5599, 3947, 5617, 7391, 5072, 3638, 4116, 5582, 5539, 6550, 5101, 4400, 4490, 5280, 5581, 6064, 7000, 4142, 5035, 3753, 4024, 4333, 4581, 5623, 5546, 7174, 3517, 6039, 4069, 5530, 4929, 7408, 4157, 4811, 4983, 5325, 4275, 6606, 4961, 5791, 4444, 4063, 4941, 6482, 8399, 5224, 5709, 3981, 3663, 3944, 5484, 5220, 5969, 4530, 6909, 5012, 7699, 3797, 4805, 5530]
100
[6290, 7149, 3865, 5441, 3961, 3399, 5148, 5647, 6696, 6884, 3524, 6249, 6969, 6309, 4505, 6255, 5977, 3454, 4256, 4741, 6244, 3582, 4189, 7085, 6737, 4394, 3294, 3812, 6055, 3262, 4841, 4642, 6235, 5916, 5397, 4289, 8213, 4077, 4831, 5435, 6428, 5090, 4347, 5362, 4977, 4973, 3985, 4852, 5140, 5581, 5821, 4674, 5646, 4036, 4561, 6703, 6928, 5036, 4955, 5634, 5631, 5022, 3897, 4877, 4697, 4689, 4897, 5966, 5265, 5624, 4178, 6857, 5818, 5505, 5829, 3656, 5535]
