100
[5109, 6116, 5015, 5472, 6199, 5181, 5607, 4372, 5387, 5487, 4740, 6477, 6171, 6549, 7071, 5091, 7290, 5526, 5733, 5843, 4589, 4186, 5376, 5442, 5752, 5039, 4633, 4912, 6458, 5158, 5996, 5404, 5221, 5269, 6897, 3967, 4843, 4484, 6253, 5044, 6187, 6064, 5587, 4676, 5690, 5049, 5436, 5630, 5069, 5337, 4082, 5853, 3601, 5239, 4467, 4379, 4944, 5775, 4926]
100
[6215, 5670, 6651, 6261, 6105, 6637, 5831, 5937, 5684, 6203, 5602, 4759, 5799, 5781, 5679, 4943, 8037, 5613, 6605, 5839, 5180, 5613, 6794, 4835, 6374, 4805, 6904, 5177, 5797, 5827, 6044, 5345, 5357, 6880, 5431, 5306, 9325, 5408, 6171, 4549, 5147, 5991, 6336, 4857, 6977, 4323, 6054, 5172, 5703, 5897, 7053, 4575, 6110, 7249]
100
[4797, 6686, 6214, 6922, 5263, 6262, 5800, 6223, 5704, 6078, 4563, 5071, 5620, 6899, 5223, 4858, 5695, 5943, 4786, 6599, 6476, 3881, 5344, 5405, 5426, 5420, 8020, 4772, 5664, 5483, 6259, 6233, 5734, 4358, 5445, 4554, 5001, 4975, 4454, 6939, 6208, 6216, 5877, 6756, 7259, 7997, 6879, 6710, 4701, 4783, 5543]
100
[7620, 5245, 4921, 7085, 4191, 4106, 6781, 5454, 4350, 5135, 7425, 4997, 7201, 6004, 6339, 5828, 6894, 6043, 5532, 5922, 4785, 5971, 4895, 5100, 7101, 6173, 5199, 5531, 6658, 5316, 4182, 4266, 4396, 5688, 4815, 5809, 6798, 4631, 5196, 5437, 4438, 5559, 6049, 5193, 4894, 6058, 5161, 5831]
100
[5588, 5322, 5000, 8111, 5711, 6519, 4607, 5258, 5256, 4863, 4983, 6879, 4464, 5936, 5485, 6061, 6422, 4750, 5234, 4696, 5534, 5088, 5547, 4807, 4917, 6103, 6854, 5026, 5715, 5763, 6699, 6522, 4936, 6131, 8827, 5627, 7995, 7379, 5277]
100
[4176, 4734, 6620, 5525, 5828, 7135, 5256, 4597, 6060, 5072, 5541, 5291, 5839, 5796, 5418, 5344, 4749, 5026, 6487, 5021, 5024, 6732, 5136, 5632, 8348, 5714, 6166, 5161, 4465, 6194, 4493, 6289, 6526, 5874, 4701, 6114, 6510, 6018, 5742, 5884, 5170, 5264, 5455, 6156, 7201, 4967, 5043, 4765, 5794, 7198, 4958, 7516, 4745, 6466, 5146, 5929, 5679, 5560, 8649, 6515, 4341, 7529, 5516, 6352, 7062, 5771, 6935, 6482]
100
[6476, 8026, 4631, 4590, 4109, 4846, 4656, 5773, 6357, 4741, 4564, 5655, 4215, 4622, 5580, 5481, 7906, 5264, 4179, 5258, 6644, 7355, 5701, 4067, 6874, 6014, 5530, 5176, 5917, 7347, 5616, 4862, 5048, 5240, 5111, 5344, 4889, 6975, 4964, 6504, 4789, 5689, 6552, 5322, 4733, 6008, 4825, 4104, 5188, 4998, 5230, 5519, 4524]
100
[]
100
[4094, 4501, 6282, 5284, 4624, 6671, 5337, 5500, 5463, 6458, 8423, 6084, 5892, 5832, 4794, 6404, 6185, 5188, 6088, 5453, 4279, 4123, 5583, 5309, 6160, 6571, 7760, 5179, 4360, 5415, 4618, 5535, 7588, 5937, 5193, 4278, 6223, 7173, 4614, 6196, 5479]
100
[5308, 5295, 5443, 5222, 5166, 5885, 4989, 6329, 4534, 5021, 5194, 5365, 5676, 5464, 4485, 4497, 5709, 5014, 4865, 4446, 5345, 4848, 6590, 6266, 7247, 5749, 5145, 4687, 4980, 5663, 5542, 5244, 5271, 4236, 5502, 4861, 5476, 4254, 6865, 4386, 5372, 5096, 4922, 4983, 7445, 5590, 5094, 5086, 5361, 4938, 4515, 5347, 5514, 5393, 5196, 5452, 5861, 4361, 4482, 5150, 4803, 4505, 5528, 6507, 5057, 5022, 4686, 6297, 4864, 4621, 4474, 5067, 6427]
100
[5374, 5343, 4489, 5395, 4097, 5705, 6850, 5000, 6940, 5439, 5017, 6013, 5104, 5982, 5337, 4889, 4106, 6315, 5606, 5434, 6295, 6944, 5701, 4513, 5489, 4436, 5315, 4878, 7131, 7437, 4454, 6501, 5497, 5139, 6622, 4263, 5767, 5331, 4974, 6617, 5368, 5469, 4813, 5565, 6139, 5444, 6093, 5435, 4514, 4913, 4566, 5905, 5258, 6021, 4707, 5390, 5413, 4220, 5505, 4635, 5421, 5783, 4199, 6333, 5697]
100
[5603, 5609, 5239, 6473, 6028, 5242, 5749, 5425, 6303, 4275, 5997, 4559, 6300, 5418, 6157, 5368, 6501, 5064, 4880, 6237, 6306, 6035, 7251, 3935, 5658, 6349, 5359, 7486, 6953, 3654, 6772, 4319, 6621, 5917, 6702, 5083, 5806, 5990, 5178, 6708, 6577, 5064, 5448, 6998, 6021]
100
[5151, 6274, 6076, 8414, 6271, 4851, 7110, 5923, 7270, 7968, 6180, 6063, 6955, 5314, 5703, 5733, 5188, 6210, 4155, 6116, 4717, 5888, 5738, 5218, 5201, 5095, 5653, 4996, 6404, 4631, 5694, 7149, 5282, 5199, 5905, 5681, 5933, 5284, 4361, 6278, 6142, 4886, 5153, 4934, 6116, 6203, 5040, 4792, 7156, 5653, 6004, 6007]
100
[4954, 4949, 5502, 5132, 7258, 5590, 5204, 4389, 5440, 4772, 4657, 4949, 7175, 6158, 7157, 4997, 5875, 6481, 5766, 6530, 5540, 4251, 4838, 5272, 6791, 5808, 6687, 6056, 4820, 4627, 4456, 4813, 4942, 4845, 5241, 5536, 6196, 4377, 4419, 6818, 5072, 6083, 5543, 5068, 5739, 6416]
100
[6013, 5648, 6432, 5165, 4955, 5436, 4662, 4775, 5315, 4711, 5402, 4679, 4284, 5837, 4811, 5633, 5035, 7466, 6120, 4914, 5039, 7246, 5032, 3784, 4312, 6234, 4810, 5012, 7078, 4931, 5081, 5140, 5363, 6301, 5836, 5427, 5586, 4177, 5028, 5874, 5146, 5440, 5463, 6606, 6489, 5394, 5936, 4951, 4919, 5400, 5222, 5799, 6805]
100
[4298, 3840, 6340, 1758, 4448, 3363, 4392, 5719, 6300, 5887, 5761, 5539, 5618, 5317, 4963, 4398, 5892, 5208, 4913, 5349, 4628, 5049, 5684, 7665, 4598, 5266, 6192, 5863, 5200, 4241, 5671, 6189, 5834, 5362, 5168, 5642, 5056]
100
[5663, 6142, 6095, 5910, 5482, 6912, 6097, 5751, 7029, 5782, 6180, 5549, 4226, 4900, 5149, 5650, 5182, 4684, 5370, 6081, 5441, 5768, 5295, 5992, 5744, 6445, 5658, 6295, 5002, 5568, 5771, 5265, 4196, 5159, 6124, 5009, 5987, 7509, 6049, 6479, 6257, 4582]
100
[4533, 5880, 5443, 7180, 5944, 6762, 5115, 4908, 4970, 5413, 5957, 4792, 5414, 8454, 5932, 3519, 5040, 5170, 6111, 6025, 5343, 5458, 5253, 5875, 4358, 5182, 4940, 6052, 5030, 5920, 5975, 4227, 5554, 4572, 6254, 5190, 5757, 4994, 6623, 5540, 4015, 5059, 6456, 5130, 4548, 8803, 4853, 6216, 5775, 7087, 4452, 5987, 4830, 6656]
100
[4903, 5267, 5328, 5213, 4115, 5846, 5410, 4013, 5293, 5697, 5374, 5987, 5500, 5033, 8451, 5165, 5078, 6618, 4958, 5961, 5464, 6011, 5124, 5964, 6610, 5033, 5424, 4809, 5786, 5306, 5659, 4988, 3980, 3931, 4379, 6094, 6130, 5425, 6433, 5614, 5543, 5037, 5871, 5808, 6036, 7559, 6073, 5012, 6686, 6054, 5553, 4237, 5740, 6044, 6503, 5137, 4521, 5651, 5110, 6010, 6201, 4745, 4576, 5384, 8241, 5028, 5002, 4650, 5368, 5161]
100
[4756, 8317, 6191, 4245, 6905, 5393, 5553, 4214, 4881, 5264, 5364, 7029, 5768, 5528, 4694, 5772, 4186, 4686, 4945, 5630, 5480, 5316, 5398, 4344, 4667, 5813, 6589, 5313, 4595, 5066, 5237, 6635, 5381, 6504, 4003, 5334, 4435, 6002, 6178, 5619, 6243, 4914, 5266, 7137, 5957, 4547, 6985, 4470, 6277, 5207, 6192, 4994, 4717, 4230, 7448, 4897, 6197, 5486, 4168, 4411, 5802, 5603, 3630, 6584, 6172, 6091]
100
[4722, 5646, 4672, 5377, 4602, 4833, 8876, 4874, 6515, 5315, 6600, 5732, 5208, 5651, 5923, 5437, 4814, 5929, 6129, 4420, 5131, 6227, 5428, 4210, 6297, 5287, 6727, 4846, 5864, 5932, 4934, 6677, 4881, 5393, 4495, 6240, 5384, 6369, 5273, 5476, 6203, 5105, 5881, 5396, 4819, 5732, 8718, 5848, 6536, 4040, 5328, 5294, 7411, 6027, 5493, 4986, 5699, 6424, 6382, 5477, 7632, 5877, 5734, 5582, 4687, 5725]
100
[5150, 4565, 5648, 5884, 4770, 4961, 4157, 5491, 4613, 4601, 5070, 4304, 5058, 5450, 5630, 5214, 5456, 4855, 4594, 5607, 6131, 6363, 8104, 4799, 4987, 4798, 5140, 6626, 6224, 5549, 5263, 5830, 4508, 4246, 4022, 5729, 6948, 4369, 7186, 5190, 7077, 5382, 5277]
100
[4916, 6270, 6439, 6615, 4149, 7921, 6101, 4398, 4987, 6278, 5605, 4121, 4869, 5317, 5365, 5450, 5135, 6412, 5946, 6882, 7343, 5503, 4317, 6411, 5847, 4774, 5735, 5706, 4919, 5652, 5881, 5453, 4162, 5338, 4517, 5207, 5723, 5007, 5479, 5707, 6099, 4978, 6538, 5358, 5456, 6607, 6176, 6762, 5536, 5639, 4784, 6247, 6336, 5726, 5210, 5655, 5310]
100
[7461, 6579, 4749, 5041, 5327, 5458, 4858, 5400, 7012, 5393, 5890, 7666, 7108, 4369, 4960, 7014, 4764, 4374, 5642, 6177, 5051, 5688, 7666, 5212, 7932, 6910, 5767, 5091, 4783, 9491, 7149, 5951, 5315, 6221, 7665, 5548, 4406, 7166, 6269, 6234, 4802, 5786, 5434, 6217, 6120, 4851, 5117, 4772, 4988, 5701, 7113, 4724, 4835, 5809, 5869, 5631, 6871, 4806, 6802, 8162, 5828, 4543, 5260, 4409, 4258, 5585]
100
[4181, 6621, 4964, 5774, 5614, 5370, 6040, 4071, 4929, 4269, 4416, 5009, 7813, 4693, 4680, 5504, 6228, 5617, 4603, 6692, 4326, 5319, 3973, 4904, 6309, 4890, 6627, 4112, 6215, 4698, 3468, 4758, 4396, 7276, 4982, 4523, 5917, 6997, 4708, 7485, 4925, 5418, 6709, 5930, 3879, 5334, 5399, 4806, 8546, 5357, 4817, 5773, 5241, 4700, 5454, 5309, 5702, 6091]
100
[4844, 5556, 5349, 5370, 6740, 5188, 6234, 4774, 5417, 5785, 4648, 6519, 4371, 5523, 8001, 5764, 6250, 6705, 7937, 4529, 4592, 6331, 5492, 5945, 4286, 6277, 6096, 3968, 5174, 5066, 4236, 4972, 6112, 5393, 4357, 3638, 5360, 8963, 5981, 5226, 6319, 4708, 6630, 8265, 4939, 5662, 7503, 4832, 4861, 5091, 6289, 5331, 5689, 5383, 5780, 4391, 6093, 5146]
100
[6405, 4845, 5826, 5177, 5964, 4494, 6860, 5395, 5741, 4665, 4791, 5712, 5105, 6942, 5551, 5084, 4997, 6171, 5600, 7165, 6653, 6343, 6019, 6376, 4637, 4688, 5733, 6008, 5254, 5546, 5788, 6693, 6230, 5394, 7426, 5917, 4059, 5488, 4844, 6906, 4404, 5054, 7934, 6038, 6263, 5928, 5631, 6534, 4781, 9536]
100
[6401, 5657, 5079, 5078, 5048, 4613, 4780, 5905, 5886, 5339, 6286, 6009, 5578, 5767, 4683, 5400, 4583, 7759, 4164, 5979, 4622, 5734, 5118, 8142, 4477, 5446, 5051, 5645, 5916, 5091, 4947, 5694, 6034, 5066, 6546, 5715, 6711, 4544, 5917, 4335, 5327, 6849, 6272, 5860, 4550, 6810, 4443]
100
[6897, 5286, 4731, 5473, 5574, 5040, 4608, 6563, 6088, 5057, 5993, 7233, 7115, 6343, 4824, 5199, 5118, 6035, 5324, 4986, 4057, 6922, 5425, 6164, 4800, 5414, 6236, 6643, 4901, 5448, 5078, 4611, 5250, 6857, 5543, 5332, 6289, 4568, 6419, 4432, 4844, 5081, 5992, 5042, 5841, 8724, 5400, 5893]
100
[4644, 5532, 5404, 6041, 4565, 4999, 5108, 4801, 6154, 5332, 5469, 6071, 6138, 5365, 4965, 6241, 5047, 5058, 4746, 5553, 3649, 5944, 4956, 6376, 4416, 4200, 5744, 6131, 4656, 5257, 3815, 4251, 4877, 5202, 6140, 5400, 5943, 5649, 4028, 6086, 4721, 5594, 5406, 6226, 3205, 3329, 5649, 5619, 5220, 4226, 5611, 5341, 4341, 3672, 4655, 5415, 4877, 4900, 5206, 4632, 4673, 4480, 5782, 5883, 4200, 4591, 5697, 4913, 4532, 5667, 6249, 5552, 5107, 4423, 4721, 6366, 4867, 5150, 5204]
