100
[3958, 4127, 3180, 2770, 4345, 3987, 3083, 3018, 3262, 5034, 3091, 4620, 5855, 3831, 3943, 4748, 3294, 5350, 3541, 3287, 4242, 4911, 5748, 4518, 3402, 6203, 5519, 5818, 3905, 4426, 3764, 4513, 3595, 3204, 4368, 3874, 3299, 3848, 3289, 4291, 3239, 2802, 5088, 3772, 3700, 3796, 2587, 4327, 2830, 4042, 4309, 4260, 3476, 4339, 5054, 4669, 4815, 4973, 4025, 3858, 4279, 3337, 3797, 2804, 4537, 4301, 4543, 3093, 3834, 4082, 3228, 5312, 5191, 4984, 2895, 4646, 5271, 4608, 4194, 4246, 2389]
100
[3000, 4270, 4446, 4072, 5539, 3982, 4958, 6286, 4925, 6038, 3908, 5018, 3358, 6485, 4522, 3253, 5723, 5009, 4335, 5875, 5377, 4734, 4957, 4361, 3649, 3636, 6656, 4990, 5461, 4234, 3580, 5327, 3060, 4086, 3822, 3484, 4799, 5378, 6122, 3105, 6295, 4471, 4481, 3154, 3878, 4120, 6291, 5448, 4648, 4359, 4019, 6266, 4008, 4649, 4288, 3715, 3214, 6051, 5970, 4718, 3170, 4395, 4108, 4410, 4981, 5140, 3631, 3476]
100
[2937, 4397, 3634, 5666, 3739, 7458, 3624, 2925, 7156, 6013, 5918, 6697, 3640, 4408, 8640, 6082, 3980, 4598, 3491, 4464, 5360, 3207, 6333, 3626, 5333, 3986, 4677, 6702, 4241, 3468, 5806, 4564, 3980, 4558, 4595, 3684, 3480, 4257, 5852, 5176, 6440, 7466, 4781, 3731, 4197, 6605, 3550, 6030, 3104, 3436, 3718, 4342, 4388, 4740, 4715, 4856, 5574, 3832, 5242, 5505, 4593, 3319, 5897, 5171, 3929, 3097, 5528, 4096, 3267, 4049, 6355, 3587, 4168, 3872, 5353, 3888, 4655, 5366, 4272, 4054, 4788, 4458, 4738, 4978]
100
[3870, 4903, 6092, 4230, 4403, 7610, 4562, 5193, 4899, 3941, 4051, 4278, 5751, 3401, 3534, 4498, 3027, 4752, 6294, 6458, 3396, 3635, 3782, 3590, 7844, 5045, 3018, 4567, 3761, 3651, 4318, 3924, 6150, 3592, 4275, 4952, 3143, 7638, 3738, 5554, 5711, 7071, 6788, 4761, 3245, 5695, 4899, 5735, 4735, 3558, 5645, 5275, 6827, 4622, 5272, 8758, 3410, 5832, 3737, 3956, 4190, 7514, 6198, 6571, 6182, 5008, 2395, 3909, 4136, 3238, 4107, 3797, 3808]
100
[4648, 4453, 3303, 5646, 4753, 5110, 3546, 5436, 3282, 3095, 3098, 2437, 3937, 4054, 3903, 4159, 5075, 2604, 1915, 4225, 3238, 4788, 4571, 4961, 4935, 4090, 4709, 5124, 3359, 3862, 4333, 5428, 3652, 3718, 3958, 2893, 3790, 5231, 3547, 2970, 3217, 4502, 4939, 3814, 4185, 4755, 5245, 5352, 5886, 3521, 3609, 4728]
100
[3399, 3296, 4740, 3385, 3997, 6257, 2317, 4978, 5544, 5206, 5827, 5967, 2745, 3743, 4380, 5511, 4971, 5681, 4397, 4387, 3314, 5265, 4737, 3223, 2935, 3574, 4005, 5225, 5433, 4165, 4219, 6029, 5414, 3102, 5402, 5234, 4021, 3176, 4391, 5217, 2807, 3464, 3353, 3460, 7264, 3281, 6550, 6511, 3508, 3755, 3053, 3944, 4467, 3447, 3807, 4873, 3242, 2909, 4268, 6685, 3028, 3284, 3808, 3649, 4430, 4174, 4277, 4082, 4086, 5683, 5749, 4522, 3969, 4188, 3064, 3290, 4872, 3823, 3644, 3008]
100
[5063, 3909, 3809, 4882, 5595, 5893, 4397, 5859, 3034, 4911, 6254, 7546, 3142, 4869, 3414, 5005, 4869, 4497, 4474, 3839, 3984, 5361, 5627, 4118, 3349, 4126, 5017, 3849, 3192, 4297, 3598, 5966, 4166, 3591, 2779, 4083, 6708, 4192, 4290, 4044, 5418, 3458, 2785, 3058, 4054, 4077, 4190, 5977, 3425, 4602, 5455, 3410, 4026, 6983, 6454, 3890, 3865, 3147, 4280, 3960, 6306, 3813, 6074, 4870, 3717, 3941]
100
[4217, 4620, 4240, 5767, 4745, 4422, 3310, 4798, 6395, 4776, 3666, 3912, 3549, 3094, 3692, 3949, 2718, 3858, 4585, 4973, 5576, 3999, 3873, 5199, 3973, 3936, 2153, 3285, 2589, 4507, 4499, 4427, 4003, 3048, 4226, 4303, 4290, 3209, 5351, 4374, 4028, 3358, 4411, 4510, 3606, 4083, 2786, 4452, 3433, 3295, 3417, 4220, 3447, 3750, 4772, 3765, 3503, 4552, 2948, 3523, 3492, 4974, 1889, 4070, 2799, 4558, 4056, 4460, 3934, 5177, 4163, 3733, 4000, 2883]
100
[5377, 4186, 4604, 2388, 3016, 4847, 4838, 4847, 4765, 3625, 5130, 3839, 3856, 3587, 4212, 6062, 5576, 5375, 3552, 3228, 2891, 3761, 4859, 5973, 2731, 2633, 4289, 4544, 5242, 5393, 4594, 2542, 4476, 3965, 3457, 3900, 4576, 4902, 3976, 4043, 5740, 3413, 4617, 4837, 3945, 2958, 3242, 4638, 6161, 4336, 3914, 4954, 3868, 4248, 3848, 3811, 4249, 4016, 4469]
100
[3848, 4891, 3173, 3055, 5605, 3901, 4654, 4883, 3944, 4579, 5053, 3679, 5323, 3734, 3628, 3582, 3409, 4946, 4973, 6736, 3464, 4797, 4483, 4838, 4225, 3649, 3881, 3999, 3397, 4467, 4002, 4842, 3846, 4892, 3783, 5257, 4338, 4687, 4801, 4808, 4070, 5708, 3934, 5961, 4294, 4281, 3584, 4564, 4719, 3876, 5231, 3550, 4605, 3745, 4254, 5612, 4146, 3257, 3522, 3748, 3987, 3716, 3448, 6640, 4450, 4911, 5189, 4866, 3862, 4779, 5496, 3273, 4718, 3482, 5603]
100
[3501, 3801, 5485, 5746, 3856, 4295, 4948, 4052, 3998, 4902, 3746, 3496, 4286, 3589, 5093, 3732, 4669, 4569, 4998, 7614, 4246, 4450, 3434, 3418, 5219, 6073, 4387, 3523, 3943, 4009, 4457, 3612, 4461, 4730, 5507, 5155, 5282, 5172, 4929, 4211, 3882, 4173, 5006, 3506, 3522, 5076, 2709, 3488, 5859, 3872, 4537, 4888, 3843, 3591, 3497, 5151, 5070, 4561, 5383, 3960, 5311, 5727, 3346, 4879, 4344, 6146, 5056, 3193, 4011, 4156, 6218, 5204, 5136, 4159]
100
[5473, 4048, 5293, 3465, 4028, 3048, 3095, 4664, 4773, 4135, 4234, 4624, 5988, 3811, 3780, 4195, 7594, 4345, 4454, 3341, 6671, 4256, 6359, 2867, 3086, 8510, 4994, 6081, 2793, 4200, 4598, 6538, 4400, 2869, 4557, 5211, 2693, 6186, 4436, 3212, 3937, 4531, 6726, 4512, 3239, 4820, 4266, 4265, 5768, 2717, 4539, 5824, 3823, 4490, 5292, 4142, 5334, 5959, 6857, 3513, 3553, 5138, 5008, 6124, 3851, 3658, 4330, 4352, 4927, 5282, 5421, 4494]
100
[3859, 3546, 2456, 3165, 3814, 4688, 3858, 3835, 3402, 6400, 2904, 4759, 4988, 5029, 3943, 4477, 4593, 4270, 3338, 2830, 3568, 3175, 3389, 4470, 3571, 4627, 5166, 4856, 3666, 4179, 4165, 4242, 4573, 3240, 3641, 3518, 3448, 4233, 5005, 5236, 3617, 6596, 2861, 4256, 3144, 4550, 3596, 4913, 4836, 3247, 3313, 4693, 3844, 5989, 4075, 3909, 4384, 5166, 2931, 5120, 3811, 4151, 4958, 2964, 4449, 4118, 3798, 3624, 5438, 5862, 5315, 4560, 4979, 2943, 4242, 4446, 3842, 4115]
100
[3201, 3399, 5238, 5009, 3277, 2998, 3977, 3419, 5295, 4203, 4696, 3887, 5335, 3888, 4322, 3179, 6189, 4290, 2726, 4883, 2755, 3348, 5383, 5538, 3870, 3455, 4291, 5242, 3208, 5153, 3399, 6161, 3312, 4429, 5428, 4466, 3950, 3394, 5085, 5034, 3121, 3424, 4040, 5228, 5240, 4222, 3384, 5217, 4049, 3482, 6119, 6029, 5415, 2905, 5091, 3152, 4635, 4985, 4856, 6722, 5547, 4416, 4894, 4737, 3830, 5462, 4423, 5624, 5308, 3237, 4176, 5358, 3963, 6462, 5936, 4938, 4675, 4568, 7719, 5113, 3739, 6469, 3143, 5438]
100
[4511, 4458, 4444, 6516, 4622, 4654, 4018, 3780, 4361, 3734, 3830, 6965, 3198, 5286, 7097, 4350, 5780, 5039, 4127, 4931, 4775, 4740, 5188, 3834, 5435, 4330, 4575, 3632, 3543, 4242, 3832, 5352, 5253, 5106, 4413, 3288, 5441, 3622, 4798, 5256, 5856, 3919, 4224, 3907, 6398, 6142, 4256, 2575, 6007, 3882, 7161, 4806, 4632, 3743, 4103, 6571, 4218, 3591, 3129, 4289, 4221, 2595, 4344, 3475, 4914, 4110, 4669, 2988, 6306, 4002, 5101, 3607, 4886, 4632, 3242, 5263, 3590, 3988, 3436]
100
[3855, 5266, 4192, 4490, 4041, 4443, 4372, 5298, 4836, 5971, 5557, 4666, 5130, 5134, 3440, 4016, 3791, 4970, 3950, 3777, 5444, 4611, 4508, 5475, 3382, 4952, 4350, 5038, 4058, 4091, 5864, 3377, 3252, 3899, 5590, 4464, 6932, 3893, 5462, 4461, 4165, 4198, 5008, 5344, 4524, 5233, 4386, 4455, 4013, 3964, 5086, 3656, 4823, 3894, 5770, 3816, 5300, 5470, 4319, 4737, 2648, 5633, 5373, 3874, 4878, 4101, 4160, 5539, 4284, 5636, 3841, 3474, 4170, 6370, 3992, 3597, 6072, 4273, 5506, 5043]
100
[4755, 3241, 3373, 4159, 4828, 5306, 4329, 4655, 3811, 7070, 4164, 3975, 3078, 3374, 5541, 5552, 4442, 3675, 3097, 4302, 3797, 4337, 3427, 3882, 4121, 3753, 5022, 5086, 3918, 5007, 3917, 3947, 4874, 3896, 3432, 3295, 4428, 4522, 3473, 6027, 4450, 4329, 3967, 3962, 2764, 4886, 3209, 4493, 6084, 4195, 3643, 5618, 3370, 5961, 6838, 4156, 3493, 6196, 4371, 4354, 5960, 3356, 3592, 4888, 4496, 3918, 5101, 6230, 4761, 4167]
100
[4299, 4247, 3982, 4591, 3463, 4256, 3589, 4812, 4470, 4216, 5397, 3245, 5434, 5119, 3764, 5633, 4172, 5993, 3535, 3843, 4539, 3529, 3422, 3044, 3383, 4483, 4124, 4125, 4087, 4683, 4272, 3458, 4941, 3776, 5748, 4097, 3266, 5942, 3730, 3564, 2789, 4534, 5280, 4031, 4261, 5901, 3543, 3651, 2895, 6155, 5227, 3802, 7606, 3035, 3443, 4655, 5577, 4949, 3130, 3509, 3036, 4223, 4288, 5248, 4002, 4620, 4032, 3500, 4675, 6086, 4566, 2419, 3103, 5899, 5206, 4627, 4559, 5108, 4966, 5133, 3727, 4245, 4086, 3651, 4012, 3089, 4209, 5828, 5166, 5121, 4755]
100
[2865, 3042, 3167, 4056, 4150, 5006, 4675, 3783, 3562, 3775, 5523, 4454, 4398, 4086, 3979, 3558, 3601, 3845, 3212, 2892, 3575, 3327, 4702, 3778, 3163, 3945, 4075, 5293, 3522, 2885, 4989, 3750, 5059, 2914, 5235, 3692, 3972, 4534, 6174, 3037, 3532, 3773, 3813, 2780, 5029, 3431, 3405, 3050, 3682, 2770, 3816]
100
[5596, 7631, 4900, 5740, 3246, 4725, 5001, 4563, 4006, 6279, 5519, 4727, 3406, 3521, 4687, 5820, 2846, 5641, 3754, 4727, 5256, 2914, 3748, 3544, 5356, 3507, 6807, 6130, 4992, 3025, 5261, 4366, 5370, 3799, 4935, 3504, 5995, 4118, 5372, 6102, 6521, 4015, 4062, 4083, 3898, 5785, 6026, 5822, 3104, 3383, 3785, 5625, 4091]
100
[5056, 3823, 4194, 3142, 5151, 6174, 4559, 5897, 5784, 5494, 4498, 4979, 4479, 3478, 3541, 5670, 5258, 5028, 4533, 3715, 6072, 4256, 3361, 4661, 5500, 4500, 4234, 3760, 4269, 4795, 2728, 4315, 3792, 4425, 6919, 3355, 5894, 3529, 6454, 3582, 3111, 4645, 4446, 4043, 4500, 4762, 4526, 3435, 5585, 4205, 3979, 3988]
100
[4122, 3323, 2936, 3913, 3400, 4081, 5472, 3943, 4034, 3680, 6969, 5291, 3823, 4982, 3360, 3802, 4107, 3393, 3749, 5912, 4081, 5349, 3634, 3230, 4028, 3598, 4056, 3436, 5143, 3807, 5394, 4875, 3107, 4312, 3183, 4072, 5128, 3209, 4945, 3726, 4114, 2820, 2693, 3052, 4412, 4367, 4076, 3171, 4965, 5123, 5405, 3343, 4431, 5642, 4647, 3279, 4831, 3352, 2917, 3417, 5880, 3013, 5028, 5209, 4314, 3859, 3365, 4562, 5959, 5395, 5301, 4599, 5139, 3011, 3384, 6080, 3572, 3203, 3144]
100
[2702, 6297, 6146, 3736, 5320, 4854, 5273, 3353, 4570, 4981, 3708, 4807, 6285, 4695, 2715, 5652, 5001, 4792, 3749, 3036, 4402, 4646, 4440, 3658, 4380, 2795, 4917, 4750, 2612, 6188, 4279, 5373, 4885, 4865, 2074, 4938, 3499, 4258, 4428, 4663, 3664, 2930, 4222, 3674, 4910, 3639, 6513, 3978, 4934, 4445, 3544, 4311, 3480, 4533, 3968, 3982, 2945, 6142, 5636, 4071, 3874, 2806, 5581, 3430, 5405]
100
[4987, 5855, 5477, 4484, 5381, 3684, 5673, 3642, 5553, 4019, 4062, 5525, 4070, 4137, 6979, 4415, 3452, 6949, 7401, 3436, 4838, 5322, 4809, 4292, 6309, 4900, 2518, 6126, 3594, 6347, 5081, 3094, 3266, 4880, 5101, 3797, 5457, 4002, 5537, 3261, 3688, 4609, 4427, 6488, 4796, 4577, 6082, 3319, 3691, 3031, 5549, 3675, 5287, 4434, 4445, 6308, 3824, 4420, 4368, 4635, 3194, 4819, 3111, 4421, 5285, 5289, 3542, 5370, 3844, 3205, 5554, 6124, 4472, 4829, 3865, 4127, 7196, 5077, 6277, 4870]
100
[4018, 4940, 3081, 4149, 3357, 5303, 4853, 3684, 3587, 4481, 3590, 4551, 4091, 4132, 5476, 7447, 3878, 3149, 2886, 3707, 3742, 5354, 5424, 4349, 4029, 3551, 4059, 5355, 3273, 4019, 4559, 4506, 3843, 3558, 5752, 3168, 2928, 3853, 5114, 2917, 3924, 3282, 4839, 4100, 3903, 5160, 4527, 4079, 6042, 4319, 4507, 4344, 4324, 3995, 3529, 3793, 4461, 4050, 3859, 5334, 5593, 3038, 3844]
100
[3177, 3289, 5301, 4722, 4495, 3512, 5686, 4322, 5003, 4608, 4229, 4017, 4135, 3872, 3337, 3119, 4414, 4511, 3996, 3503, 3226, 3337, 3461, 4556, 3634, 3560, 5205, 4824, 3058, 3485, 3153, 3544, 5497, 5563, 3325, 3112, 4503, 5736, 4391, 4446, 4360, 3760, 4606, 3917, 4423, 5440, 5120, 4635, 3651, 3752, 3663, 4720, 2321, 4129, 5805, 3249, 4998, 5557, 3896, 4271, 2418, 4819, 4548, 3477, 3887, 3551, 4965, 6880, 5393, 4042, 4964, 3683, 4922, 5432, 5887]
100
[5105, 3734, 4561, 3141, 6299, 3186, 4746, 5051, 5875, 4942, 3389, 6442, 5246, 5245, 4794, 3372, 5413, 4754, 5861, 5091, 2998, 3657, 2527, 5208, 4356, 6868, 3612, 4173, 5799, 4664, 3367, 3469, 3487, 3207, 3214, 7259, 4964, 2722, 3738, 4761, 4040, 4042, 4880, 2645, 3526, 3414, 5265, 3645, 4000, 4317, 3604, 2987, 5593, 3624, 6092, 6236, 6072, 5146, 6366, 6236]
100
[3113, 4027, 4629, 3334, 4709, 4250, 3953, 3148, 5707, 3221, 5226, 4895, 6133, 3955, 4044, 6143, 3406, 4146, 4909, 3568, 7907, 4918, 3970, 4237, 5372, 3503, 3601, 4433, 2637, 4721, 4471, 3964, 5393, 5726, 4534, 4147, 4217, 4627, 3062, 4757, 5031, 3045, 3550, 4245, 4370, 5631, 4785, 3382, 3082, 3533, 3651, 4021, 3153, 3723, 4097, 3367, 5566, 4449, 4471, 4706, 3917, 3818, 5787, 4721, 5606, 4681, 3405, 3479, 3899, 3280, 3871, 4197]
100
[3207, 4700, 5362, 6432, 5551, 2730, 5037, 3631, 5040, 3134, 5138, 3565, 3296, 4286, 5451, 5282, 3489, 3444, 4159, 4621, 5232, 4536, 6585, 7628, 5288, 5430, 2577, 2888, 3167, 3015, 4659, 5377, 5732, 3525, 3386, 5868, 3294, 3981, 3088, 4005, 4732, 3920, 2659, 2598, 3061, 4680, 4680, 3414, 3365, 5027, 3176, 3660, 3113, 7686, 3926, 3703, 3480, 4661, 3546, 5441, 6257, 4997, 3906, 5266, 3861, 3298, 4859, 3037, 6148, 2820, 4976, 2861, 6429, 5936, 5336, 4409]
100
[3785, 5102, 3448, 2946, 4231, 4971, 5599, 3942, 3136, 5226, 3477, 6235, 3642, 5212, 3618, 3519, 4025, 5678, 3934, 3737, 5297, 5696, 3940, 2800, 4540, 3250, 3545, 6049, 3163, 3664, 3128, 3501, 4549, 3540, 3671, 3551, 3765, 5893, 5821, 3188, 5402, 6053, 3328, 4194, 4987, 4227, 2791, 3541, 5942, 3579, 4261, 4927, 4444, 5212, 3069, 3530, 5321, 3422, 5128, 4763, 3933, 5686, 5773, 4218, 4350, 4634, 6502, 3508, 4650, 4733, 3370, 3969, 5365, 4786, 4387, 5229, 7432, 5325, 3251, 3842, 3157]
