100
[5930, 6112, 6304, 5886, 6075, 6759, 6232, 5772, 6590, 5429, 6867, 5031, 5913, 6792, 5440, 6447, 7505, 5913, 7370, 5088, 5870, 4648, 5003, 7244, 6394, 6717, 6415, 5218, 6167, 7194, 6374, 6951, 6601, 5774, 5617, 6628, 8220, 6149, 5583, 5376, 5426, 6026, 6016, 5270, 5792, 6733, 6889, 6598, 5526, 5971, 6953, 7397, 9420, 6297, 6365, 5598, 5553, 6538, 5666, 5871, 6248, 5564, 6130, 5260, 5467, 6084, 5150, 5346, 6403, 5356, 6023, 5671, 7361, 5756, 7522, 6713, 6818, 6197, 4928, 7264, 6645, 6679, 6211, 6043, 6993, 5988, 5854, 6597, 5526, 6478, 5396, 5327, 5591, 5051, 6259, 5478, 7443, 5580, 6169]
100
[5613, 6403, 5426, 5666, 5644, 6383, 5538, 5005, 5442, 5651, 5457, 7613, 6421, 6054, 7002, 7722, 6015, 6495, 5728, 5669, 6200, 6710, 6608, 5792, 6317, 4956, 5812, 7066, 7038, 5796, 6248, 5720, 7932, 6549, 6399, 6222, 5801, 5747, 6123, 6271, 6947, 5669, 6147, 6372, 5902, 6240, 7471, 6384, 7230, 5244, 5144, 6277, 6152, 6292, 5708, 5292, 5569, 6450, 5957, 5263, 7568, 7095, 5922, 5074, 7073, 5811, 7340, 5195, 4915, 6543, 5216, 6709, 5867, 5240, 5630, 5762, 5640, 7098, 5911, 6586, 6128, 5142, 5990, 7364, 5727, 7371, 6515, 5782, 5822, 7433, 5947, 6187, 5513, 7553, 5305, 5453, 5739, 6794, 5632, 7712]
100
[6672, 6131, 6137, 6943, 7078, 7232, 5673, 7089, 6950, 4678, 6294, 6711, 6255, 6322, 6896, 6707, 6256, 5927, 5985, 6364, 6011, 6472, 7155, 6912, 6139, 6838, 5839, 5560, 5606, 5868, 7151, 6495, 5857, 7345, 7545, 6477, 8017, 7090, 6797, 8182, 7516, 5457, 7996, 5470, 6561, 7528, 6296, 6397, 6458, 5872, 6177, 6417, 6755, 6191, 6917, 8290, 7307, 6669, 7614, 6085, 6690, 7237, 6574, 5798, 5881, 6335, 6172, 6876, 7323, 7819, 6715, 6929, 6393, 7314, 6687, 5527, 6488, 5883, 6879, 5518, 6032, 6887, 5626, 6264, 6774, 6644, 7630, 7531, 7053, 5293, 6182, 6368, 6286, 7262, 6531, 6088, 6443, 5950]
100
[6301, 7597, 5720, 7083, 6017, 7595, 5353, 6071, 6980, 6233, 6585, 6106, 5788, 5416, 6438, 6420, 5994, 5921, 7424, 6020, 6266, 7171, 6665, 7056, 6239, 5403, 6840, 6492, 5621, 6864, 5469, 7535, 5825, 7827, 7029, 7004, 9176, 7080, 6167, 5714, 8585, 6322, 6975, 5984, 7156, 7073, 5405, 7073, 5248, 7598, 6933, 6086, 5665, 5469, 7255, 5542, 4785, 6596, 6203, 5156, 6318, 5658, 6962, 5399, 5777, 6191, 5254, 7405, 5928, 6662, 5719, 6537, 5047, 6614, 6075, 4759, 7137, 6968, 6643, 5253, 5153, 9374, 5841, 5293, 5803, 5312, 6080, 7549, 5434, 6529, 6696, 6793, 7305, 6408, 6438, 5393, 5936, 7247]
100
[6618, 6204, 7442, 7810, 6003, 6430, 5326, 8052, 6504, 7750, 6245, 7004, 6287, 5250, 6964, 6392, 5579, 5400, 5691, 5881, 8555, 7161, 6508, 7473, 7270, 6401, 7506, 5849, 6987, 7817, 7259, 5545, 5660, 7300, 7190, 6087, 6665, 6112, 6490, 6379, 5646, 6433, 6622, 6447, 6194, 6341, 9260, 5863, 4961, 5549, 5785, 7031, 7654, 6078, 7485, 7081, 7443, 7030, 6686, 8300, 7686, 6668, 6124, 9504, 4876, 6266, 5564, 6502, 4978, 5306, 5727, 7692, 7048, 7366, 6031, 7512, 6111, 5617, 6556, 7396, 6000, 6122, 6390, 6795, 7153, 6761, 5544, 6661, 6827, 7550, 6625, 6204, 7353, 5680, 7548, 7544, 5966, 6298]
100
[6748, 6419, 5401, 6245, 6554, 5206, 6663, 6065, 6083, 6355, 6373, 5497, 5933, 4847, 5123, 6136, 6273, 6913, 5178, 6538, 6076, 6144, 5878, 5819, 5265, 5849, 6257, 6227, 8144, 5175, 8019, 6451, 5838, 5805, 7048, 5492, 7829, 5853, 4917, 6038, 5766, 5611, 5213, 4779, 6344, 9061, 6012, 5935, 6366, 5567, 7000, 7634, 7637, 6203, 6413, 5563, 4857, 5733, 7331, 5834, 5578, 6242, 6455, 5428, 6439, 6407, 5828, 6302, 5508, 5973, 6209, 5339, 6206, 7204, 6464, 6591, 6592, 5377, 5810, 5905, 5482, 5621, 5212, 7113, 5719, 6084, 7091, 6679, 7353, 7471, 6471, 6546, 6071, 5715, 5383, 5819, 6042]
100
[7198, 6514, 5630, 6231, 5786, 6872, 6679, 6255, 6633, 6816, 5833, 5057, 5921, 5939, 5594, 6029, 6404, 7684, 6648, 6112, 5610, 6673, 6043, 6386, 5581, 6865, 7264, 5033, 6193, 5893, 4835, 5487, 5868, 5693, 5102, 5713, 5756, 6226, 5367, 6037, 5394, 6231, 5561, 5497, 5472, 6237, 7095, 5978, 5708, 6305, 5881, 6627, 5687, 6566, 6642, 7549, 6267, 6191, 6245, 5697, 7189, 5808, 5487, 6745, 5991, 6842, 8617, 5548, 5285, 6340, 5009, 6649, 5744, 7289, 6010, 7109, 6279, 5369, 7917, 5888, 8348, 5686, 6774, 7001, 6839, 6828, 5357, 5865, 5570, 6210, 5115, 6393, 6583, 5929, 6170, 6477, 5988, 5229, 5972, 6325]
100
[7453, 6991, 6019, 7195, 5197, 6941, 6531, 6002, 5692, 5976, 6208, 7821, 7016, 7011, 7078, 6991, 5823, 5882, 4644, 6248, 6804, 5804, 6422, 6117, 7516, 6436, 5348, 4701, 6542, 6890, 6453, 7608, 6608, 6775, 6972, 6512, 6900, 5454, 5193, 5822, 6833, 5423, 6790, 8045, 7512, 5622, 6281, 6458, 7456, 6981, 6455, 8299, 6235, 6549, 5834, 7866, 5679, 7064, 6313, 7441, 7001, 7434, 8002, 6964, 6519, 5770, 5778, 6099, 6234, 6396, 6495, 6661, 7503, 6505, 6369, 6703, 5467, 5500, 6294, 5894, 6300, 6859, 6904, 6344, 7504, 7105, 5905, 7365, 6794, 6602, 6063, 5600, 7405, 6659, 6130, 7583, 6916]
100
[6193, 5863, 6918, 6420, 6393, 6848, 5634, 7003, 8597, 6837, 7737, 7082, 6085, 5466, 6058, 5882, 6184, 6188, 7926, 6931, 6655, 7377, 7471, 6732, 9488, 6690, 5974, 6938, 7496, 6089, 5609, 6063, 5923, 8436, 6362, 6615, 7067, 6548, 6233, 6656, 6326, 7270, 6552, 6201, 6347, 8380, 8024, 5411, 7797, 6299, 6830, 5932, 5361, 5785, 6961, 5326, 7526, 6838, 6116, 5830, 6490, 6496, 5454, 5991, 6611, 7186, 6239, 6240, 6673, 7676, 7756, 7095, 6861, 6677, 6112, 6954, 7192, 6147, 6055, 8044, 5403, 6260, 5863, 5781, 6956, 5612, 6064, 5090, 6140, 7313, 6212, 5487, 7889, 6407, 6256, 6286, 5270, 6101, 6029]
100
[6496, 6559, 7459, 6609, 6205, 7906, 6903, 6303, 8343, 5747, 7540, 5353, 6724, 8278, 6210, 6285, 7005, 7156, 6392, 7966, 5708, 5739, 7475, 6337, 7404, 8116, 5813, 8418, 7721, 6290, 8664, 6571, 5574, 6340, 6572, 6340, 5396, 7950, 7118, 7935, 7177, 7947, 5679, 5724, 5537, 6890, 6255, 6491, 6594, 6191, 7649, 6378, 6806, 5812, 5766, 7445, 5078, 8454, 5943, 5466, 6576, 5917, 8409, 5907, 6083, 5707, 6687, 6909, 8510, 6451, 7543, 6362, 7081, 6091, 5825, 7612, 9053, 6509, 6491, 6292, 7930, 6926, 7481, 5386, 6760, 6868, 5027, 5037, 5582, 6237, 6328, 6216, 6855, 6940, 6203, 6873, 7309, 7330, 6852, 7331]
100
[5257, 6442, 6680, 5905, 5979, 7122, 7225, 5890, 5938, 6398, 6284, 5645, 6401, 6724, 7002, 7809, 5545, 7184, 5534, 6534, 6262, 5812, 6149, 6279, 6597, 6026, 6179, 5856, 6849, 5177, 5173, 7025, 6037, 6730, 6015, 6068, 6154, 5919, 6300, 5749, 5456, 6439, 7122, 5243, 6108, 6610, 5528, 5389, 6915, 6831, 5219, 5941, 6483, 6808, 6217, 5905, 5994, 6522, 6790, 7059, 5253, 6219, 5486, 5268, 5738, 5152, 4390, 6759, 6468, 6339, 5790, 6612, 5933, 6253, 5947, 6896, 7226, 6315, 6402, 6424, 6249, 6810, 5887, 5304, 7021, 8674, 5252, 7692, 4896, 6368, 5800, 6479, 5501, 5936, 5225, 7092, 6736, 6650, 6445]
100
[8824, 6693, 6631, 6225, 7784, 6418, 6741, 6236, 7323, 6266, 6925, 8210, 7574, 8163, 4943, 7132, 6087, 7026, 5752, 6643, 7842, 6124, 6446, 6138, 7772, 7815, 6543, 6328, 6014, 5999, 5665, 6896, 7583, 7535, 8478, 7371, 6293, 6626, 5584, 5687, 6790, 7709, 6174, 7321, 6555, 6501, 6137, 7028, 6625, 7937, 6955, 7618, 5493, 8015, 7234, 8218, 7116, 6499, 8876, 7084, 7138, 6788, 7218, 7067, 5897, 6200, 6193, 6146, 5846, 5132, 8224, 5974, 5579, 6587, 6209, 7139, 6692, 6429, 7281, 5675, 7249, 5740, 6628, 5666, 6462, 5323, 7682, 6288, 9231, 6123, 6094, 6075, 5739, 7439, 5885, 7276]
100
[5992, 6687, 5892, 6471, 5685, 6057, 5664, 5652, 5785, 6697, 5639, 6060, 5868, 5522, 7648, 6775, 6527, 5643, 6829, 5834, 5991, 5631, 6970, 4859, 6616, 7454, 7519, 6272, 5827, 6388, 5615, 6012, 5851, 5436, 7547, 6116, 5635, 7129, 6793, 5777, 6779, 5780, 5052, 5923, 6039, 7032, 6274, 5572, 5298, 5932, 6234, 6027, 6235, 6824, 6799, 5629, 5552, 6378, 5772, 5136, 5929, 6347, 7285, 6714, 6295, 5421, 6354, 6220, 6523, 4868, 5585, 7523, 7137, 5258, 6699, 5745, 6305, 6812, 5432, 5854, 5227, 6153, 6102, 6399, 6937, 6469, 6278, 5988, 5935, 6187, 6298, 8061, 5799, 6015, 7341, 5247, 6819, 5879, 7985, 5633]
100
[5617, 3950, 6060, 5648, 6310, 6938, 6233, 6526, 4966, 6407, 6273, 5511, 7592, 5580, 6656, 6494, 5444, 7029, 5229, 6168, 6017, 6021, 5903, 7316, 6609, 5344, 4495, 6876, 5177, 5422, 6931, 4930, 6570, 7377, 6896, 6080, 5932, 5970, 5832, 5658, 6869, 6638, 6569, 6058, 7348, 5606, 5845, 4827, 6197, 5373, 6605, 5739, 5781, 7307, 5629, 5769, 6704, 5363, 7040, 7044, 5745, 5490, 6219, 5838, 7640, 6050, 5443, 6967, 5680, 4879, 6104, 6383, 7391, 6021, 6275, 5660, 6922, 6007, 7131, 6836, 8176, 6776, 5381, 5396, 7789, 6580, 6206, 6948, 6854, 6166, 7086, 7276, 5752, 6132, 6397, 6224, 4322, 7726, 6745]
100
[5456, 6597, 5551, 6041, 7509, 6584, 6253, 6028, 7453, 5092, 5866, 6351, 6285, 7320, 7085, 5520, 6497, 5549, 6025, 6402, 7903, 4814, 5431, 8400, 5080, 6844, 6058, 7003, 6837, 5634, 6552, 5778, 7788, 7101, 6543, 5517, 6534, 6744, 6075, 6671, 5932, 7266, 6500, 5944, 5650, 7439, 5712, 5790, 7860, 5615, 5888, 5476, 7213, 5525, 8558, 5953, 6758, 5942, 5349, 6621, 6924, 7150, 7735, 7108, 6021, 6565, 5657, 7594, 6031, 5867, 6872, 5845, 6082, 5444, 5967, 5706, 7410, 5235, 4960, 5070, 6819, 7138, 7317, 7359, 8268, 5986, 5417, 6232, 6423, 7099, 6298, 7408, 6783, 7837, 6711, 6962, 5493, 6207, 6164, 7466]
100
[6851, 6738, 6150, 5676, 5231, 5640, 6084, 4770, 7185, 4987, 6175, 4734, 4976, 5063, 5363, 5108, 5889, 5603, 5346, 7003, 5514, 5732, 6755, 5761, 5888, 5822, 6182, 5327, 6635, 5896, 5605, 6969, 7163, 5478, 6056, 6257, 5940, 5659, 6106, 6354, 5939, 7201, 5978, 5678, 7832, 5333, 6098, 6670, 5152, 6257, 6092, 7497, 5353, 5576, 7501, 5612, 5277, 6346, 5337, 5854, 7126, 3913, 5877, 5438, 6973, 5702, 5152, 6575, 5549, 6314, 6890, 6673, 4876, 5733, 6000, 6167, 6348, 5874, 6550, 4805, 7007, 5910, 5131, 6517, 6663, 5544, 6717, 5293, 5598, 6646, 6347, 7000, 6003, 6511, 6296, 5250, 4908, 5031, 6266, 5724]
100
[5379, 5792, 7128, 7286, 6691, 6441, 6412, 4803, 7696, 6005, 5556, 4986, 6878, 6234, 7566, 6111, 6295, 6727, 6793, 6865, 7861, 6421, 5694, 7203, 6869, 4689, 7273, 6345, 7814, 4545, 7234, 4755, 6741, 7345, 6769, 6784, 6994, 3841, 5399, 6432, 4170, 7260, 6083, 6082, 5677, 7297, 7192, 6870, 6214, 5363, 6884, 6805, 6215, 4792, 6622, 6656, 6581, 6010, 6911, 5825, 6125, 6131, 7992, 6644, 5204, 6177, 6337, 5731, 6779, 7569, 6382, 6227, 5511, 6353, 5752, 8239, 4044, 5819, 6588, 5496]
100
[5484, 7879, 6697, 5738, 6143, 6142, 6457, 5707, 6721, 7156, 6666, 6548, 5639, 5313, 6089, 5633, 6061, 5620, 7021, 6154, 6483, 6088, 5360, 5685, 5927, 6637, 5632, 5647, 7439, 6031, 7343, 5915, 6377, 5021, 5696, 6153, 5788, 6763, 8488, 8159, 7444, 5322, 4906, 5967, 6303, 8166, 7420, 5789, 6545, 5884, 5825, 6781, 6611, 6636, 5791, 7346, 5018, 5688, 5735, 6166, 6295, 7816, 6034, 6618, 7659, 6856, 5583, 7373, 5987, 6485, 5511, 5541, 5753, 5760, 7536, 5691, 6214, 7319, 5451, 5879, 6137, 6854, 6829, 5587, 5532, 8335, 6920, 5835, 6739, 7655, 5635, 6129, 5141, 6557, 6311, 6117, 7657, 6903, 7254, 6560]
100
[6904, 6160, 7908, 7484, 7276, 7343, 6661, 7045, 6357, 7027, 6066, 6440, 7918, 6560, 7408, 7691, 6978, 7373, 5604, 6491, 6340, 6646, 6852, 6151, 7388, 7778, 6876, 7138, 8332, 7401, 7402, 7243, 5883, 7584, 6882, 6895, 7890, 6316, 6747, 6127, 6468, 7241, 7476, 7497, 7911, 6862, 8510, 7644, 7186, 9008, 7758, 6095, 7768, 6829, 7693, 6937, 5549, 8063, 6630, 8885, 6647, 6812, 6899, 8112, 6278, 6945, 6235, 5580, 6675, 7275, 7063, 6818, 7008, 6473, 6862, 5821, 6409, 7406, 7926, 7212, 7102, 6701, 6884, 7524, 7126, 8399, 6947, 6965, 7844, 7816, 6272, 6365, 7152]
100
[6513, 6301, 6372, 5011, 6320, 7255, 8087, 6802, 8120, 8309, 6161, 6141, 6324, 7072, 6955, 5595, 7553, 8521, 6977, 7741, 6663, 9942, 8236, 7159, 6839, 8433, 6142, 5358, 8301, 6752, 7136, 6755, 5946, 7229, 5972, 6594, 8095, 8612, 6851, 7518, 6061, 7445, 6506, 7028, 6502, 7941, 9851, 6406, 7733, 7282, 7124, 5958, 7341, 7057, 6144, 7373, 6574, 7186, 7086, 6712, 6795, 6815, 6437, 6668, 7450, 9842, 7210, 6547, 6949, 6498, 7150, 6746, 5668, 7530, 8467, 7534, 6663, 7044, 7103, 6926, 8296, 6730, 7208, 6918, 7555, 6490, 6785, 6755, 7673, 7100, 7957, 6344, 6868, 6322, 5906, 6457, 6223, 7050]
100
[6553, 7220, 5723, 5826, 5486, 7172, 5294, 7085, 6390, 7168, 5145, 6216, 6822, 7331, 6578, 6495, 6452, 6903, 5185, 6669, 6690, 6332, 6548, 6223, 6497, 5743, 5787, 6578, 5841, 7043, 6188, 7596, 6343, 6752, 7462, 7287, 4332, 5937, 5022, 7019, 5685, 6408, 6065, 6037, 6568, 5948, 6337, 6143, 5169, 5420, 5586, 5058, 7042, 6339, 7460, 5910, 7987, 6775, 6890, 6853, 5559, 6088, 5394, 5753, 6699, 6061, 5948, 5971, 6650, 7195, 4764, 7745, 5771, 5878, 5083, 6052, 5941, 6083, 4950, 5676, 7169, 5014, 6088, 5831, 5936, 5943, 6570, 6697, 5560, 7450, 6254, 5385, 7148, 5095, 5348, 6089, 5974, 6999, 6128, 5982]
100
[7067, 6091, 6359, 6159, 4784, 8190, 6562, 5479, 5881, 7548, 6870, 8375, 7335, 7529, 8760, 6640, 5131, 6624, 5399, 5620, 5936, 6757, 6076, 6275, 5565, 6063, 6735, 5771, 6194, 6688, 5695, 5721, 7278, 5630, 6154, 4184, 5629, 5668, 6069, 5614, 6859, 5737, 5412, 6778, 6520, 5567, 6575, 6160, 6057, 6295, 6617, 5099, 6343, 5932, 6481, 6676, 7876, 5580, 6715, 6697, 6600, 5152, 5081, 5852, 6761, 5805, 6839, 6759, 5163, 5350, 6852, 5925, 6055, 6563, 6113, 8069, 6101, 6135, 6102, 5907, 5928]
100
[6046, 7742, 7829, 7047, 7669, 8442, 6536, 5977, 7385, 6249, 6520, 8207, 6210, 7675, 6436, 7937, 8365, 7334, 6527, 7293, 8799, 6456, 6596, 6598, 7301, 6801, 7643, 7089, 7250, 7057, 6103, 6466, 7068, 7018, 6075, 8113, 6541, 7568, 6677, 6163, 7024, 7240, 6518, 6559, 5921, 7422, 7664, 5923, 5558, 4317, 5993, 7660, 6733, 5925, 5197, 6185, 6971, 7058, 7368, 6983, 6480, 7059, 6449, 6437, 5787, 6925, 7083, 7175, 9339, 7408, 6100, 6756, 6651, 6160, 6917, 6420, 6870, 6720, 5448, 6282, 6783, 6937, 6905, 6528, 6267, 7434, 7509, 6495, 7787, 6533, 6654, 7802, 6342, 6181, 6473, 6148, 7469, 6568, 7653]
100
[6388, 7490, 6775, 6805, 6479, 6639, 5896, 7085, 7963, 7218, 7031, 7983, 7323, 7198, 6553, 6407, 8338, 9343, 6322, 6350, 6822, 7121, 6782, 6320, 6657, 7852, 6030, 6674, 5937, 7869, 7001, 5835, 7464, 8622, 8186, 8051, 6917, 6297, 7268, 6407, 7455, 5710, 6705, 6455, 6486, 6712, 6119, 6473, 7199, 6408, 7247, 6513, 9625, 9108, 5205, 7902, 6955, 7497, 6656, 7436, 5686, 6350, 7660, 6645, 7197, 6231, 7199, 6992, 6723, 6501, 5830, 6953, 6632, 6057, 7141, 5739, 8329, 5551, 6226, 5646, 6789, 7208, 7806, 8312, 6519, 6247, 7317, 7010, 6908, 8127, 7303, 6575, 6542, 6724, 6363]
100
[6145, 7236, 5873, 6697, 5929, 7318, 6313, 6481, 7054, 7299, 6404, 6301, 6972, 6420, 6993, 6274, 6128, 6598, 7183, 7507, 6135, 5216, 5625, 6241, 6719, 7548, 6572, 6318, 6434, 7972, 5950, 6573, 7123, 5321, 7033, 6367, 6012, 6247, 6573, 8089, 6611, 5907, 5958, 6505, 6851, 6187, 7188, 7303, 6126, 6533, 6786, 5790, 8268, 7256, 5751, 5987, 8008, 5788, 5916, 6093, 5350, 5407, 4931, 6698, 6061, 7350, 6340, 7277, 7015, 6297, 7028, 6715, 6545, 6406, 5393, 8223, 5746, 6364, 6232, 7006, 6941, 7171, 6282, 5563, 5372, 7694, 5282, 6610, 5873, 6545, 6227, 6641, 6908, 6073, 6566, 6042, 6315, 7624]
100
[5440, 6184, 6253, 5386, 6734, 6446, 5948, 5663, 7172, 6437, 7089, 6140, 5906, 6902, 6859, 6676, 7259, 6791, 7625, 6256, 6405, 6169, 6377, 6218, 6029, 5797, 6099, 6344, 4918, 7287, 6580, 6190, 5928, 7522, 7435, 5460, 7231, 6874, 7358, 5411, 4958, 6194, 5729, 7929, 6373, 5920, 6209, 5201, 5960, 7697, 5948, 7407, 6022, 6436, 6026, 6265, 5347, 6449, 6592, 6449, 6121, 5781, 6044, 6010, 7217, 6001, 7599, 5329, 6415, 6312, 4976, 6744, 6911, 6200, 6452, 7574, 6200, 6463, 6046, 5810, 6475, 5969, 5423, 5932, 6589, 6472, 6548, 5436, 7288, 6482, 6302, 5419, 6634, 6355, 7083, 5473, 5918, 6315, 6663]
100
[5545, 6294, 6965, 5577, 6474, 6302, 5298, 5993, 6600, 6331, 6112, 6208, 5441, 7596, 6900, 7107, 6220, 5957, 7187, 6695, 7504, 5728, 5164, 7905, 6926, 5720, 7767, 5722, 6406, 6292, 4963, 6525, 5796, 6563, 6086, 6959, 5352, 5866, 6046, 7081, 6772, 5636, 5600, 6494, 5545, 6997, 6586, 5408, 8307, 6265, 5971, 6667, 6413, 7824, 5744, 6975, 7143, 6506, 6804, 7642, 7891, 6523, 6253, 5231, 7200, 6511, 6528, 6612, 7510, 5814, 5810, 5738, 5658, 7056, 7142, 7005, 5914, 6547, 6879, 6710, 6860, 6796, 7279, 5858, 7417, 7005, 6072, 8361, 6906, 6125, 6591, 6248, 7136, 6633, 5013, 6064, 6233, 6328, 5838, 7289]
100
[5500, 5583, 6960, 6945, 5854, 4928, 6867, 6251, 6736, 7082, 5932, 6084, 6739, 6729, 6460, 5358, 6615, 7226, 6397, 5712, 6132, 8311, 7671, 6770, 7165, 7582, 5438, 4996, 7405, 5957, 5794, 5522, 7221, 6302, 6546, 5647, 5078, 7637, 6473, 6085, 5760, 7125, 5646, 5880, 6298, 5921, 7990, 7729, 6756, 5865, 5847, 5949, 5625, 7829, 7151, 6636, 5189, 5962, 6991, 5003, 7200, 6567, 5444, 5313, 5392, 6026, 6694, 7024, 5127, 7399, 7341, 6494, 5691, 6162, 7407, 5859, 6617, 6767, 5982, 7331, 5764, 5568, 6595, 6539, 6359, 6792, 6841, 6317, 7114, 5420, 6627, 5852, 6908, 5630, 5685, 6254, 5693, 6549, 6403, 6317]
100
[6576, 7756, 6516, 6331, 7696, 6696, 6138, 6206, 7618, 7307, 6145, 7395, 6373, 6513, 6818, 6431, 6399, 6874, 6793, 6745, 6471, 6366, 6536, 6775, 6095, 5943, 6133, 7243, 5812, 6809, 7599, 6660, 6406, 7021, 7664, 7688, 7002, 6268, 5833, 6265, 7232, 7629, 6419, 6994, 6069, 6287, 6692, 5777, 7413, 5628, 8880, 6589, 7183, 6965, 6528, 6302, 6657, 6053, 6434, 6058, 6938, 6983, 6373, 6216, 6195, 6068, 6914, 6995, 6515, 6213, 6217, 6136, 6945, 5759, 6752, 5966, 6022, 7039, 6163, 6818, 6999, 7087, 5326, 6020, 6579, 6274, 6203, 5877, 6574, 7430, 6054, 6387, 8173, 6671, 7713]
100
[6962, 6978, 6704, 8238, 5633, 6720, 8621, 6628, 6270, 7340, 7103, 4665, 6823, 6417, 7727, 6198, 6386, 6018, 6824, 7249, 7849, 6829, 6009, 7970, 6529, 6453, 6706, 7044, 6951, 6709, 5389, 7308, 9983, 5673, 6163, 7274, 6661, 7560, 8016, 7730, 7242, 6719, 6121, 5813, 7192, 7369, 7674, 7916, 7602, 7184, 5534, 7965, 6229, 6052, 6675, 6633, 6513, 6174, 6893, 6480, 7446, 6266, 6060, 7733, 7650, 7256, 6296, 7187, 7584, 7392, 7950, 5816, 6506, 7990, 7170, 7290, 5748, 5965, 8893, 6216, 8782, 7072, 5708, 7020, 6897, 7479, 5426, 7633, 6735, 5470]
