100
[7293, 7939, 7499, 7517, 7698, 8255, 6997, 7844, 8275, 6772, 7830, 7410, 6089, 6208, 7448, 7306, 7655, 5729, 7477, 7693, 8775, 5689, 5668, 7019, 5974, 6147, 6767, 7497, 7126, 4649, 8345, 6348, 6537, 6379, 7256, 6335, 6747, 5951, 7190, 7456, 6577, 5805, 8842, 5048, 7525, 6569, 9498, 6637, 6591, 6061, 8120, 6400, 6824, 8036, 6966, 6535, 6972, 6784, 5539, 5982, 8561, 6675, 6729, 7747, 7281, 7830, 7514, 6342, 7666, 7698, 5190]
100
[6987, 6100, 7544, 5129, 7376, 7801, 5629, 6762, 6077, 5609, 5058, 6978, 5251, 6113, 5715, 6178, 6947, 6442, 7484, 5426, 6505, 4981, 5868, 5170, 6506, 5959, 6590, 5472, 7898, 7444, 6466, 6478, 6371, 5609, 6586, 6088, 6766, 6025, 6423, 4695, 6436, 6595, 6885, 8775, 6309, 7265, 7281, 5757, 6735, 5963, 6507, 6509, 5156, 7236, 6354, 5660, 5425, 6380, 6890, 5775, 6473, 5884, 7957, 7037, 7001, 6276, 5162, 6839, 5807, 6971, 5813, 5790, 5728, 5759, 5328, 5396, 6320, 7080, 6637, 6157, 6377, 6513, 5634, 5025, 6765, 7629, 6446, 6920, 6678, 5853, 5388, 6967, 7034, 5471, 7059, 7097, 5800, 8461]
100
[7709, 8095, 3874, 4524, 8746, 6697, 6664, 8581, 8114, 9101, 7290, 5527, 7724, 9352, 4495, 6112, 7973, 6701, 7461, 7815, 7504, 7021, 7975, 5707, 6518, 5742, 6876, 6065, 8154, 6689, 7443, 6138, 6986, 7020, 7789, 7629, 6747, 8595, 6057, 7383, 5557, 7082, 7654, 7033, 7263, 7946, 7987, 7681, 7500, 6247, 6538]
100
[]
100
[5208, 5517, 6367, 6493, 5401, 5365, 5654, 5843, 5785, 5725, 7364, 6601, 6596, 5619, 6679, 6289, 7010, 6375, 5790, 5562, 5968, 7221, 6546, 6413, 7414, 5174, 6339, 5209, 5745, 6067, 5900, 5097, 6933, 5764, 6251, 5880, 5942, 5044, 5787, 5335, 7195, 5489, 5400, 6403, 5912, 5323, 6114, 5604, 6232, 5528, 6976, 4688, 6571, 6511, 6774, 5254, 5749, 5101, 6154, 5668, 6349, 7397, 6407, 6265, 6531, 5804, 5968, 5800, 6292, 7143, 5824, 5889, 5354, 5718, 5281, 7151, 6381, 6313, 6816, 5678, 5630, 6732, 6322, 7344, 6861, 6436, 5749, 6389, 6124, 6315, 5280, 6436, 6650, 7168, 5362, 5941, 6479, 5868, 6275]
100
[6525, 7923, 7298, 8193, 8490, 8722, 5883, 6914, 8315, 7031, 7275, 7136, 8347, 8692, 6244, 5355, 9694, 6438, 6059, 7364, 7413, 6922, 9486, 7162, 7140, 8385, 9462, 5773, 7916, 6247, 8840, 4436, 6404, 7163, 7432, 8364, 8397, 7607, 7243, 6178, 5776, 5260, 8399, 6536, 7666, 7536, 8043, 9369, 8691, 7499, 8324, 6118, 5892, 7005, 6743, 7300, 7600, 9077, 6459, 7462, 7673, 7830, 8024, 7800, 7253, 8898, 6506, 6487, 7761, 7293, 7090, 6315, 7744, 6481, 8441, 4504, 7728, 6146, 7496, 8566, 7876, 4802, 9873, 6242, 9055, 6686, 6251, 6036, 6215, 7407, 5957, 6240, 8310]
100
[8459, 7072, 6017, 5393, 5899, 5432, 5826, 6262, 6664, 5484, 5318, 5420, 7643, 5994, 5425, 6074, 5989, 6576, 6690, 7891, 5410, 6628, 7390, 8234, 5734, 7091, 5154, 6381, 5653, 5826, 6718, 6803, 6885, 5670, 6566, 6230, 6008, 6517, 7657, 5886, 7191, 5363, 5165, 5559, 5542, 6206, 7868, 7558, 7659, 5149, 7085, 5982, 7004, 7244, 5983, 6773, 5935, 5776, 5470, 6888, 7271, 5340, 6948, 8556, 5660, 5334, 5211, 7268, 6311, 6666, 6218, 6870, 7379, 5946, 5641, 5840, 6272, 5697, 5969, 7832, 5492, 7231, 6514, 7025, 6872, 9661, 5942, 5782, 5787, 7312, 5443, 5803, 6900, 5964, 6070, 5822, 6918, 7223, 5725]
100
[5683, 6713, 6823, 6487, 6102, 6739, 6631, 6239, 6066, 7128, 6910, 6071, 6786, 5674, 6392, 6878, 6934, 5395, 6233, 5756, 7082, 5946, 7107, 6183, 7541, 6619, 5494, 6228, 6585, 6336, 5903, 5693, 5887, 6855, 5721, 5669, 6594, 5694, 6229, 6397, 6393, 6247, 5810, 6297, 5638, 6968, 6324, 6794, 6351, 6478, 6436, 6158, 7126, 7309, 6038, 5356, 6588, 6354, 6289, 6843, 5891, 5825, 5504, 7212, 6155, 6376, 6411, 5754, 5119, 5744, 6548, 5886, 5035, 6135, 6736, 7274, 6132, 5595, 5499, 5650, 5248, 5721, 6640, 6071, 5440, 6200, 5629, 6924, 7769, 6614, 6895, 6597, 5315, 7042, 6884, 6988, 6107, 6515, 6400, 6628]
100
[5066, 6996, 5672, 4932, 6312, 5335, 5515, 6354, 6867, 6212, 7132, 5503, 7092, 6137, 6945, 6499, 5788, 8082, 5627, 5801, 5991, 5898, 5878, 5467, 6834, 6901, 5685, 7268, 6151, 6872, 6089, 5807, 7511, 6132, 7210, 5434, 5638, 7330, 6273, 5771, 6107, 6762, 5246, 5579, 6957, 5179, 4680, 4583, 6112, 5426, 6588, 6850, 7227, 5202, 5855, 5699, 7043, 5454, 5268, 6165, 6911, 6147, 7390, 5045, 7839, 4919, 5720, 5950, 6166, 6061, 5601, 5464, 5586, 5497, 6320, 5852, 6889, 6459, 6011, 7565, 6095, 5363, 6437, 5935, 7435, 6032, 6208, 6235, 6584, 5340, 5128, 7450, 5074, 6704, 5235, 6596, 5520, 5033]
100
[7566, 5812, 5966, 7744, 5234, 6681, 6133, 5717, 5416, 5376, 6305, 7157, 5451, 4829, 7767, 5542, 7471, 6439, 6127, 6191, 6750, 6931, 5787, 5903, 6460, 5809, 6465, 5087, 4909, 6438, 6626, 6030, 6128, 6253, 5541, 6310, 6924, 6037, 5437, 5474, 7450, 6034, 6125, 6382, 6686, 6415, 5604, 5845, 5477, 6770, 5703, 6283, 5736, 5780, 6870, 5999, 7889, 6661, 5720, 6919, 4839, 6225, 5586, 6170, 5699, 5858, 6456, 6342, 6491, 5915, 6925, 5466, 6391, 6161, 4653, 5606, 6726, 6560, 5388, 5088, 5918, 5762, 4979, 5943, 6112, 6423, 5581, 5739, 6343, 6192, 5801, 5862, 5911, 4768, 6073, 5781, 5898, 5245, 6206]
100
[7289, 6339, 7185, 6321, 7473, 7483, 4825, 8173, 6595, 6250, 6590, 7670, 7029, 7352, 6998, 5948, 6885, 7038, 6419, 6482, 7205, 8199, 6943, 7280, 8187, 7184, 7008, 6523, 6242, 7642, 8398, 6215, 6945, 5821, 6562, 6868, 7476, 7479, 6423, 6755, 6489, 6828, 6629, 6305, 5955, 9305, 6515, 8207, 6054, 6736, 6699, 7134, 6579, 6778, 6976, 6304, 6532, 7022, 6344, 6254, 6635, 7218, 7342, 7196, 6681, 6473, 6022, 6693, 6789, 6074, 6428, 7153, 5991, 7620, 7403, 6356, 7105, 7145, 6008, 5877, 6934, 6620, 6436, 6746, 7079, 7024, 6584, 7933, 6656, 6590, 9325, 6732, 7288, 5375]
100
[6077, 6034, 5244, 6755, 5701, 6051, 6591, 5779, 6765, 7139, 6165, 6360, 6069, 6170, 5540, 5698, 5141, 7275, 7095, 6002, 4978, 5906, 6438, 6140, 6475, 6778, 5382, 5593, 5776, 6589, 6563, 5400, 5434, 6181, 6086, 6882, 5900, 5391, 5432, 5222, 5412, 6131, 6573, 5696, 5800, 7004, 6073, 5172, 6842, 5512, 6549, 5952, 6632, 5679, 6140, 6467, 5381, 7378, 6771, 6264, 5243, 5800, 6446, 5287, 6151, 6025, 6062, 6579, 6380, 6050, 5265, 6341, 5697, 5616, 6267, 6183, 5676, 6039, 7224, 6241, 5830, 6022, 6078, 5550, 6087, 5488, 6745, 6321, 7096, 7343, 5966, 5036, 5583, 5496, 5981, 5882, 5992, 6577, 6198, 6344]
100
[7263, 7655, 6249, 5961, 6081, 6970, 5872, 5946, 6090, 6417, 5965, 6748, 6129, 5919, 7092, 6676, 7623, 6841, 7394, 6884, 6129, 6196, 5768, 6316, 7229, 6742, 6137, 7115, 6271, 6110, 5525, 6877, 6376, 6102, 6686, 5236, 6105, 6586, 5817, 6919, 7555, 6906, 5764, 6261, 6911, 7525, 5944, 7415, 7416, 5071, 5657, 5650, 7062, 6716, 5240, 6927, 8516, 6569, 5176, 6390, 7482, 6297, 6737, 6234, 6111, 5420, 5755, 5781, 4877, 8017, 6587, 5804, 5477, 7708, 6970, 6071, 5779, 8126, 7216, 7600, 5757, 5947, 5276, 7510, 7818, 8010, 6446, 6504, 6330, 7599, 7978, 7333, 5851, 7120, 5053, 6537, 6716]
100
[5829, 6384, 6949, 5357, 7979, 7175, 6996, 6994, 7726, 5980, 6116, 7589, 5679, 6983, 7791, 7309, 7014, 6305, 6617, 6393, 5959, 7361, 6275, 5816, 5655, 5778, 7298, 6959, 6924, 8281, 7265, 8842, 6391, 9685, 6034, 6669, 9503, 5355, 5826, 6344, 6876, 6332, 5177, 8155, 5027, 7177, 9694, 5281, 7775, 7410, 7163, 7918, 10687, 7435, 4831, 7151, 6824, 6364, 5713, 7080, 8271, 7569, 4789, 6836, 4945, 8764, 6971, 7171, 7109, 5201, 9009, 7506, 6216, 6492]
100
[]
100
[5558, 5772, 5666, 5554, 6675, 5876, 6669, 5614, 6580, 5328, 6078, 6577, 5672, 5937, 6523, 6293, 4721, 5308, 6597, 6178, 5510, 5801, 6927, 6284, 6163, 6378, 6357, 6339, 5548, 6000, 6084, 6484, 6669, 6920, 5491, 6000, 5721, 7440, 5578, 6134, 5855, 5897, 6374, 5814, 5492, 6125, 5010, 6288, 7386, 6516, 5796, 6195, 6037, 6184, 6863, 6139, 5682, 6814, 6339, 6579, 5421, 5692, 6648, 6788, 5689, 5599, 6089, 6390, 6720, 5372, 5709, 7120, 7402, 6421, 5606, 5188, 5622, 6845, 7167, 6185, 7118, 5413, 5657, 6038, 6587, 5504, 5770, 6068, 6127, 8022, 5691, 5408, 6123, 6739, 5108, 6069, 6087, 5480, 6326, 5540]
100
[6022, 5648, 7225, 5941, 6233, 7590, 5942, 7156, 6064, 6180, 5675, 8560, 7925, 5837, 5533, 5653, 6572, 6712, 6613, 6613, 5872, 6125, 7636, 7140, 6055, 7366, 7115, 7276, 7028, 6321, 6236, 7408, 6069, 6179, 6978, 5324, 6356, 7355, 5253, 6333, 6728, 5484, 6707, 6602, 5322, 6351, 7899, 6687, 5997, 8246, 5122, 7468, 6299, 6812, 6632, 6819, 5769, 6192, 6230, 6221, 7872, 6473, 6940, 6820, 6238, 5972, 6173, 6257, 6859, 5485, 7277, 5481, 5407, 8236, 6939, 5919, 6103, 8324, 5977, 7156, 5365, 5864, 7995, 8066, 6272, 6113, 6596, 7611, 6610, 6355, 5403, 5914, 6529, 5317, 7661, 5391, 6275, 6187]
100
[7019, 5551, 5814, 7419, 5203, 5965, 7208, 5667, 7546, 5317, 5981, 6771, 5980, 5236, 5945, 5282, 5855, 7283, 6479, 5491, 5866, 6890, 6058, 6160, 5821, 6963, 6086, 5383, 6050, 6210, 6884, 5919, 5473, 6095, 5308, 5578, 6141, 5698, 5484, 6803, 7282, 7313, 7268, 5478, 5874, 6277, 6555, 5664, 5790, 5536, 7039, 6539, 5584, 6985, 5573, 6478, 5173, 6629, 7501, 5619, 5801, 6566, 5632, 7523, 6066, 7357, 5922, 6429, 5056, 6611, 7444, 6808, 6396, 6697, 6416, 6457, 6239, 5381, 7128, 6065, 7069, 6265, 6671, 7260, 6893, 5817, 7251, 5371, 7017, 5440, 6998, 5253, 5942, 6909, 6749, 5412, 5502, 5689, 5927, 5398]
100
[6213, 7848, 6340, 7336, 6746, 6780, 7152, 6931, 6164, 6637, 6461, 5859, 6644, 5670, 7785, 4782, 5553, 6927, 7317, 5831, 6938, 6152, 7074, 6579, 6199, 4720, 7666, 6737, 5868, 7458, 5450, 5786, 5871, 6380, 6367, 5618, 6123, 5664, 7094, 5891, 6065, 4628, 6094, 6164, 6740, 7383, 7100, 7634, 5361, 6260, 5494, 5703, 5572, 6336, 5374, 5763, 6404, 5988, 6491, 7306, 6353, 5969, 5693, 5173, 6992, 5853, 5242, 7117, 6148, 6549, 6518, 6384, 6086, 5509, 4757, 5063, 6502, 5759, 7133, 7098, 6156, 7186, 7072, 5350, 7992, 6313, 5864, 6057, 5740, 6284, 6383, 7283, 6599, 7134, 5978, 5368, 6855, 6804, 6125]
100
[5771, 6119, 5990, 5982, 6856, 5698, 5904, 7529, 8535, 6681, 7629, 6811, 6786, 7097, 6149, 5897, 5365, 5632, 5379, 7355, 6330, 5910, 6632, 6667, 7005, 7521, 6191, 6388, 5476, 6143, 6313, 6434, 7179, 6078, 6018, 7115, 6744, 6911, 5534, 6718, 7068, 7026, 5070, 6543, 7337, 5574, 5396, 6143, 5718, 5552, 6972, 5638, 5877, 6171, 6203, 8085, 6211, 7145, 5915, 6954, 6935, 6810, 6776, 5697, 5015, 6716, 6446, 6401, 5850, 5426, 6859, 5830, 6754, 6116, 7172, 6424, 6821, 6929, 7261, 5700, 6037, 6552, 6560, 7138, 6175, 6629, 7219, 5142, 6934, 6260, 6363, 6820, 6327, 5254, 6142, 5809, 6048, 5424, 6304]
100
[7712, 7221, 6590, 6216, 6143, 6850, 4798, 4725, 4956, 5996, 6156, 6221, 5636, 6207, 6719, 6119, 5059, 5589, 6892, 5869, 6249, 6777, 7841, 6848, 8056, 5418, 4910, 5690, 7075, 5463, 6455, 6909, 5984, 8143, 5108, 5910, 6711, 6329, 6683, 7556, 7318, 5925, 6675, 6084, 6968, 6928, 5604, 5872, 5666, 7945, 5686, 6667, 6446, 6218, 6775, 5756, 6788, 5391, 5203, 5880, 6842, 5737, 6812, 7240, 6266, 7115, 7219, 7237, 6120, 6144, 7274, 6607, 5877, 5584, 6069, 7010, 7326, 6655, 6297, 6735, 7190, 6315, 6551, 5152, 7039, 7376, 7138, 5330, 5450, 7202, 6680, 7306, 5401, 4859, 7044, 6826]
100
[6093, 5718, 6467, 7632, 5650, 7002, 6043, 5185, 7109, 6128, 6884, 6693, 6993, 5765, 6209, 6470, 5701, 5641, 6324, 6117, 5003, 6583, 5728, 5133, 5351, 6149, 5212, 5799, 5999, 6453, 5592, 6489, 5684, 5927, 6049, 5617, 6165, 5829, 6608, 6712, 6812, 5171, 5445, 5475, 5295, 6537, 5689, 5273, 5817, 6201, 5641, 5271, 4819, 6266, 6422, 6372, 6012, 6034, 5988, 5382, 6215, 6057, 5637, 5749, 5862, 5833, 6417, 6745, 5067, 6363, 7053, 5231, 6506, 6840, 5162, 6917, 5642, 6201, 7638, 5006, 6143, 6211, 5967, 5600, 5717, 5739, 6458, 6325, 5485, 5379, 6238, 5387, 4929, 6215, 6797, 6799, 6174, 5911, 5752, 6268]
