100
[7134, 4020, 4652, 5236, 4652, 4544, 5029, 6189, 6402, 6691, 5350, 4214, 5052, 4284, 6438, 4814, 5406, 4870, 4971, 6862, 4796, 3864, 5629, 3887, 4499, 5646, 5583, 5610, 5076, 4278, 5243, 6657, 5518, 4540, 6831, 2705, 5370, 4478, 3888, 5900, 3624, 4130, 5331, 4545, 5297, 6442, 6463, 5940, 4673, 3922, 3015, 3734, 6710, 9264, 6756, 4728, 3332, 6885, 4507, 5763, 3391]
100
[3925, 3806, 5780, 3463, 4064, 6916, 3617, 4803, 5521, 3521, 3392, 5935, 4098, 5440, 4933, 4222, 5608, 4972, 4691, 6154, 5853, 6821, 4828, 5335, 5440, 4649, 4020, 4003, 5317, 5839, 6438, 5727, 4901, 5524, 5393, 5619, 7416, 7237, 6379, 4067, 4789, 3864, 6819, 6234, 5840, 5207, 4378, 6297, 3696, 8279, 4766, 4276, 5254, 4005, 5173, 3568, 4295, 6174, 3919, 3949, 5347, 3643, 5078, 4246]
100
[4219, 6081, 4451, 5702, 6266, 7193, 5243, 3756, 3884, 6087, 5743, 3507, 5890, 4332, 5139, 3296, 5190, 4152, 4664, 5034, 6774, 5939, 3741, 5119, 5585, 6517, 6440, 6151, 4399, 5798, 3681, 3739, 6217, 4074, 4207, 6322, 4648, 4392, 5150, 4119, 5871, 5464, 5520, 6630, 8132, 4743, 5738, 4765, 6394, 4132, 5257, 4742, 5271, 5565, 4742, 4415, 5275, 6742, 5939, 5341, 3490, 7078, 6515, 5475, 7182]
100
[5244, 5124, 6667, 4462, 5499, 5910, 3457, 3950, 4261, 5654, 4692, 3194, 4382, 3551, 4946, 4383, 4558, 4086, 4895, 4206, 5020, 7231, 5955, 6336, 5704, 4008, 5403, 3220, 5092, 6283, 6686, 4447, 6769, 4061, 6344, 4674, 5584, 6168, 3735, 5129, 7161, 5447, 5354, 7093, 6151, 5927, 6876, 4305, 6540, 6026, 4956, 6379, 4846, 4030, 6455, 4026, 4602, 5933, 3781, 5270, 6266, 6383, 4247, 6082, 4229, 5391, 5774, 4363, 4597, 5343, 7298, 4688, 4294, 5215, 4378, 5225, 5634]
100
[3550, 5469, 6839, 3139, 5237, 4932, 5436, 5440, 5914, 6339, 4598, 3435, 5608, 4959, 4320, 5720, 5137, 5237, 6370, 5913, 4604, 4916, 4969, 6759, 3861, 3755, 5234, 4435, 4033, 4375, 5138, 6088, 3742, 4879, 4042, 3621, 6482, 3870, 3862, 4093, 5503, 4589, 5275, 4958, 4423, 3947, 4810, 5848, 7022, 4319, 4390, 6423, 6672, 5691, 5964, 5873, 3661, 5538, 5642, 5737, 4076, 5943, 4906, 3643, 6566, 4910, 3249, 3837, 4386, 6189, 4795, 4679, 7484]
100
[4008, 4758, 3084, 3356, 4156, 3938, 4945, 3785, 5214, 5379, 4423, 4409, 3483, 3886, 3427, 3112, 3640, 5526, 4717, 4310, 4054, 4075, 3719, 4435, 3092, 3412, 2830, 3880, 3750, 3658, 2969, 3594, 4981, 4188, 5023, 4584, 4493, 3755, 3859, 4854, 4079, 4631, 5670, 4708, 4298, 3584, 3374, 6110, 3432, 5496, 4537, 4099, 4407, 3851, 3730, 4253, 4174, 5026, 3812, 4809, 5443, 5129, 6472, 3343, 3491, 3972, 4663, 4050, 4533]
100
[4701, 4285, 4208, 4677, 5472, 4733, 6936, 6575, 4925, 6590, 5109, 5161, 5747, 4734, 4988, 4603, 4795, 5558, 6333, 6326, 6683, 7219, 3637, 4346, 4639, 6574, 5139, 7216, 5072, 6384, 5052, 5476, 5384, 3169, 6044, 5076, 4132, 3763, 5991, 4817, 3755, 4551, 6338, 4570, 3826, 5724, 5604, 4397, 7359, 3487, 6199, 4201, 6316, 6958, 4876, 6253, 6319, 4268, 5818, 4639, 4005]
100
[5328, 4829, 3394, 4596, 3562, 6164, 3864, 4936, 3697, 4115, 5402, 3917, 5603, 6589, 3564, 4383, 4025, 4668, 6289, 3854, 3985, 3710, 2826, 4143, 6792, 7106, 4792, 5787, 5727, 4647, 3646, 4459, 4877, 4809, 4466, 5773, 5622, 3469, 4154, 6168, 5472, 2929, 5676, 4183, 4053, 7708, 4934, 3787, 5904, 5432, 3920, 4930, 4484, 6647, 4579, 7640, 3651, 4508, 4468, 5310, 4579, 3048, 4071, 4435, 3912, 5656, 5391, 4853, 3267, 6735, 4437, 3078, 4105, 6618, 3834, 5472, 4297, 4662, 3351, 3682, 4258]
100
[5316, 4542, 6409, 5314, 6361, 5602, 6700, 4829, 4898, 3385, 3634, 5063, 3727, 5145, 5090, 6631, 6381, 4553, 5811, 5337, 4729, 5898, 6194, 4148, 6213, 3702, 6414, 4601, 4270, 5325, 4695, 4051, 3262, 3952, 4614, 4472, 6169, 4631, 7871, 3577, 5870, 6115, 3297, 6139, 5977, 6457, 5478, 4576, 3692, 5355, 6035, 6323, 4759, 4157, 5914, 5567, 4464, 3723, 4375, 6701]
100
[4923, 5627, 3931, 3760, 5488, 5761, 5874, 4237, 6773, 6828, 4041, 4436, 6468, 4352, 4735, 4523, 2741, 7168, 5428, 4469, 5448, 5985, 4878, 4943, 4677, 4528, 4557, 4776, 7133, 5483, 5473, 5401, 2639, 5453, 5152, 4574, 4443, 4750, 4660, 6987, 6420, 4391, 4881, 4619, 4972, 4294, 3840, 6210, 5447, 5860, 4801, 3828, 5094, 5964, 4130, 6796, 4044, 5108, 8018, 5310, 5808, 5583, 5221, 4940, 5533, 5611]
100
[5018, 6167, 5554, 3224, 7779, 3603, 6269, 7063, 6315, 3751, 4700, 3407, 4234, 3800, 4500, 3230, 5790, 3791, 4769, 5623, 5034, 5016, 7210, 6927, 4894, 5669, 4232, 5922, 5632, 3727, 6148, 5441, 5689, 4819, 3267, 3802, 6247, 4882, 5688, 7654, 4030, 3757, 4707, 5479, 7585, 6803, 4213, 4414, 4599, 6426, 3694, 4376, 6267, 3458, 5294, 4024, 6936, 7593, 3274, 4640, 4780, 4051, 5074, 5137, 5268, 4778, 5931, 4682, 5548, 5635, 3568, 4135, 4606, 4283, 4195, 4696, 5406, 4651, 6250, 4228, 4643, 4048, 5178]
100
[6557, 6324, 4718, 5244, 4301, 4853, 3662, 3827, 4153, 4235, 5058, 7431, 6188, 4621, 4600, 4946, 6510, 5192, 5943, 3590, 4200, 4879, 6354, 5341, 3983, 4927, 6605, 4933, 4032, 5401, 5501, 4912, 4426, 5210, 4133, 5069, 5173, 4690, 4457, 4816, 4693, 4427, 6015, 6259, 4043, 7796, 4653, 5252, 3971, 6479, 5039, 7081, 5292, 4277, 5513, 3732, 4582, 5876, 4422, 6549, 4486, 5242, 6261, 4343, 5185, 7337, 4757, 6946]
100
[5314, 3250, 3218, 4630, 6164, 7572, 5850, 5176, 6126, 4598, 3579, 2168, 4068, 4147, 4681, 4391, 3629, 4931, 4981, 4467, 4879, 4317, 5124, 4771, 3347, 3909, 4702, 4165, 5710, 5336, 4685, 4297, 5627, 5327, 3190, 5064, 4411, 3768, 4638, 5593, 5899, 5144, 4153, 3842, 4456, 6221, 4232, 5596, 6371, 5410, 4137, 4358, 3576, 4449, 4671, 3474, 4859, 4228, 4134, 4692, 4774, 6682, 5353, 3832]
100
[4814, 6365, 4758, 7060, 4924, 5162, 3471, 4236, 4015, 7276, 6121, 4797, 3698, 3880, 7787, 5655, 7969, 7028, 5960, 3713, 5388, 6037, 4554, 5747, 5442, 4176, 6963, 3534, 4187, 7985, 6108, 4798, 6083, 4161, 4783, 4477, 4566, 8198, 4647, 6539, 5768, 7014, 4188, 4059, 5913, 8918, 5389, 4448, 5715, 6624, 6367, 5691, 6044, 4514, 6173, 5936, 4608, 3957, 6674, 4356, 4811, 5691, 5189, 5787, 4830, 6952, 5193, 5581, 3924, 4633, 6169, 6188, 5742, 4575]
100
[4325, 3785, 5519, 5331, 4170, 5802, 5211, 4050, 4936, 3697, 3906, 4627, 5071, 3976, 3059, 3596, 4056, 6605, 3791, 6036, 5074, 4393, 4801, 5293, 4785, 5880, 5864, 5313, 5216, 3924, 3687, 5774, 4136, 3145, 4447, 7645, 5639, 4312, 4436, 4454, 3743, 5626, 4612, 4558, 3567, 4337, 4994, 7084, 5456, 5768, 3858, 3083, 5002, 4888, 5170]
100
[5095, 4285, 4870, 2917, 3479, 4878, 5347, 3563, 3509, 4794, 5287, 6616, 3681, 3259, 5229, 5549, 4645, 3575, 3901, 3589, 3830, 4827, 3735, 4939, 4939, 5548, 3641, 4796, 4811, 6026, 6209, 4580, 3958, 3789, 4041, 3712, 3310, 4066, 4227, 5738, 4532, 5579, 4487, 3668, 3967, 3622, 4252, 4945, 6766, 3914, 4584, 3808, 5473, 2838, 4520, 5757, 4395, 3840, 4374, 6133, 5296]
100
[4049, 5563, 4121, 4779, 3422, 2965, 4416, 4843, 3291, 3735, 4478, 4442, 4841, 5186, 3846, 2904, 3847, 3932, 7013, 5158, 5834, 4101, 4475, 4716, 4208, 4213, 4676, 4046, 3587, 3859, 4135, 5589, 4088, 4279, 3969, 3975, 5469, 3816, 4177, 4002, 5539, 6323, 4308, 4393, 6111, 3152, 4195, 3085, 4550, 4348, 4230, 3778, 3607, 3860, 2658, 4255, 4606, 4184, 5656, 3487, 3725, 3748, 4811, 3338, 4685, 3062, 4692, 6265, 5880, 2983, 3700, 3475, 5153, 4349, 4784, 4536, 4191]
100
[6011, 4827, 5050, 5981, 4187, 7289, 4249, 4880, 5568, 6738, 4795, 4868, 5539, 3678, 3942, 5120, 4260, 7361, 4597, 3754, 4423, 3245, 3088, 3537, 6765, 3433, 5168, 3613, 4962, 4802, 4444, 6785, 6082, 2767, 4410, 5335, 4423, 3483, 3993, 5268, 5223, 3492, 6834, 6840, 4623, 4872, 8917, 6183, 3767, 4240, 7486, 4457, 5214, 7616, 4649, 3327, 6764, 5768, 4076, 6750, 3347, 6020, 3690, 7421, 5051]
100
[5589, 5274, 3824, 3575, 3413, 6111, 5616, 4915, 5293, 4022, 5578, 3612, 4424, 4433, 6058, 6532, 3985, 5711, 4461, 6080, 5225, 4958, 5577, 4837, 6240, 5280, 3235, 4935, 4376, 4101, 3993, 6084, 2808, 3691, 5747, 4516, 4544, 6446, 4111, 2846, 6351, 4103, 5346, 4907, 6739, 5129, 4357, 3525, 6474, 3287, 4270, 6690, 4068, 4785, 3620, 4308, 6308, 4443, 6138, 5811, 5844, 4502, 4478, 4351, 4235, 7239, 3928, 5751, 5692, 5009, 5380, 6643, 4027, 5356, 4970, 4474, 6104, 4930, 4595, 6123, 3864]
100
[6197, 4521, 5190, 4403, 5089, 3939, 6854, 5211, 4281, 5044, 4041, 3560, 5279, 2781, 4568, 4539, 3586, 4126, 4646, 6275, 3397, 5065, 3702, 5718, 6702, 4992, 4165, 4884, 3867, 5466, 4246, 6968, 5342, 6469, 5342, 5155, 6110, 4416, 4279, 6119, 6657, 4420, 5066, 5101, 5183, 3909, 5671, 3800, 3458, 4493, 5093, 4873, 4548, 3919, 5372, 5044, 4854, 4436, 4255, 5033, 3709, 3356, 5761, 5157, 3752, 3513, 4059]
100
[7042, 4121, 5992, 5901, 3681, 3279, 4286, 6171, 3565, 4272, 4331, 6355, 5776, 7433, 4047, 5191, 7296, 4691, 4476, 4169, 4542, 3714, 4577, 4420, 5489, 3842, 4220, 4076, 4033, 5623, 3892, 6868, 4377, 3909, 5986, 3602, 4185, 5632, 7023, 3970, 4702, 6353, 5105, 6427, 4612, 4807, 4940, 5050, 6469, 7399, 5850, 4889, 4727, 5629, 5420, 4001, 6672, 4139, 6326, 5990, 6529, 7164, 8001, 4650, 5738, 5648, 5592, 4416, 6428, 4098]
100
[5506, 4904, 4149, 4246, 6332, 5144, 5713, 4702, 4036, 2994, 4323, 4000, 5148, 6248, 4314, 6809, 2833, 4108, 4570, 5226, 5870, 5098, 3358, 6821, 4381, 4022, 6353, 6688, 5545, 3047, 5139, 4169, 5431, 5659, 4941, 6698, 6184, 5684, 6677, 5155, 4766, 6808, 6002, 4320, 7094, 4598, 3948, 3901, 3869, 4172, 3302, 4975, 4529, 4615, 3967, 4640, 3789, 5525, 4373, 8563, 4286]
100
[4708, 7138, 4496, 4492, 4443, 5334, 5663, 8520, 7514, 4681, 5551, 7395, 6348, 7420, 6669, 7341, 4859, 5664, 5359, 5302, 5485, 6739, 5479, 3982, 4156, 6452, 3842, 5049, 5409, 5978, 3653, 6447, 3851, 4395, 8312, 3701, 4606, 3855, 2779, 9203, 3766, 6258, 4783, 7470, 5480, 6333, 7557, 3669, 5519, 5235, 3793, 4365, 4488, 3922, 4623, 4797, 5985, 6027, 6527, 7712, 6672, 5453, 5917, 6426, 6049, 6607, 4389, 3239, 8152, 5266, 3997]
100
[5192, 4798, 6375, 7046, 3869, 4699, 5293, 4861, 5299, 5680, 5683, 4354, 3330, 4726, 4217, 4446, 4537, 4948, 4369, 5512, 4220, 4116, 3581, 3919, 4895, 5285, 4292, 4372, 6087, 4902, 4010, 4128, 5956, 5152, 4092, 5827, 5597, 6072, 4614, 6694, 7255, 4085, 4697, 5712, 3543, 6431, 5189, 4586, 5871, 6866, 4881, 4684, 7245, 7383, 5269, 5104, 6231, 4741, 6087, 4406, 5402, 4060, 4512, 4446, 8380, 5752, 4552]
100
[5176, 4868, 4860, 4532, 4589, 5280, 5215, 4536, 7207, 5991, 5387, 5422, 5985, 4625, 4616, 3738, 4398, 4673, 3795, 4474, 4821, 3260, 4773, 5227, 3664, 4716, 5745, 5629, 5994, 5883, 4232, 4741, 4217, 5572, 4202, 5162, 3440, 6137, 5740, 4786, 4688, 5912, 4699, 3903, 5704, 3383, 6314, 4444, 6339, 4976, 4187, 6220, 5317, 4871, 4582, 5038, 3684, 3159, 4049, 4216, 6224]
100
[4019, 3438, 5397, 5895, 4674, 4166, 2515, 5550, 8161, 4326, 5289, 4067, 6179, 5407, 3439, 5079, 4054, 7645, 5833, 6288, 3343, 5797, 4469, 4246, 4148, 5269, 5768, 7672, 6598, 3530, 5525, 5918, 3360, 4176, 7872, 7006, 7692, 4247, 5896, 5748, 8149, 5454, 5889, 3966, 4274, 8726, 3958, 3451, 7391, 8285, 4309, 5703, 4675, 4617, 3948, 3735, 6012, 2769, 7440, 2305, 2579, 5267, 5708, 7097, 3745, 4202, 5371, 7312, 6068, 5260, 5160, 4285, 4843]
100
[5884, 3577, 6662, 4765, 3744, 3145, 4604, 4808, 5006, 6221, 5945, 5230, 4806, 4050, 3704, 3829, 5135, 3720, 6777, 3742, 3630, 2860, 6018, 6506, 5858, 3584, 4008, 3672, 3417, 4114, 4130, 6196, 5724, 5183, 5013, 3624, 5584, 3380, 3648, 5666, 3329, 5038, 5213, 4017, 3235, 4532, 4506, 5004, 3785, 4808, 6939, 3864, 2898, 5182, 5276, 5141, 5924, 5357, 6537, 4614, 3868, 3134, 3333, 3864]
100
[3874, 3624, 4100, 4761, 5308, 4845, 4377, 5670, 6116, 6273, 4733, 6277, 3637, 5154, 5190, 6010, 3861, 6330, 3643, 3824, 3532, 3801, 3786, 4900, 4106, 4364, 4012, 3923, 6097, 3320, 4610, 4378, 4313, 5047, 4150, 4168, 4760, 3622, 4616, 4999, 4671, 6196, 4855, 3958, 5159, 4230, 4212, 4458, 3756, 4846, 5382, 4141, 6207, 6224, 5453, 5162, 5411, 5943, 3729, 4910, 5840, 6409]
100
[4645, 4451, 5538, 3907, 7300, 4638, 3231, 4805, 6409, 3564, 6754, 5601, 6927, 5842, 4065, 5375, 4294, 5360, 5055, 6789, 4207, 5075, 4562, 5040, 4426, 5746, 4090, 6012, 6733, 6008, 6783, 7772, 5997, 4353, 8078, 4881, 5321, 6817, 5490, 7499, 3325, 7025, 4853, 4846, 6944, 3964, 4212, 3176, 6380, 4987, 4651, 7586, 4348, 4037, 5244, 3695, 6013, 7297, 5256, 5796, 5351, 5269, 6543, 5353, 3525, 8335, 8707, 4372, 5989, 6296]
100
[4024, 6019, 4413, 6462, 4103, 3839, 3215, 4563, 7323, 5922, 6626, 6975, 3757, 6253, 4768, 6617, 4695, 3428, 3019, 4455, 5616, 5752, 6335, 4432, 5029, 6553, 3884, 5057, 3301, 5476, 4391, 4328, 7167, 4801, 5319, 5907, 5861, 7446, 4607, 4995, 5368, 6307, 3240, 4901, 4482, 4084, 4501, 4193, 6229, 5151, 5411, 7021, 5548, 6362, 5734, 7040, 4457, 4475, 6745, 4269, 5893, 3645]
