100
[4429, 4196, 6071, 3492, 4328, 4510, 6741, 3648, 5563, 6651, 4154, 6453, 4079, 4721, 3398, 3631, 5133, 3598, 4124, 5521, 3628, 3900, 4531, 3743, 5820, 4540, 6189, 2960, 3471, 3937, 4180, 3160, 4934, 7297, 5076, 3316, 3841, 3127, 3319, 5106]
100
[3849, 7202, 4088, 3640, 3812, 5037, 4025, 4805, 4662, 6346, 3918, 5317, 3349, 5603, 5406, 3821, 4471, 6279, 7784, 3866, 4847, 3553, 3807, 5284, 4363, 6078, 4602, 4222, 3527]
100
[4145, 5898, 3560, 3523, 3604, 5193, 4055, 5262, 4934, 3260, 2988, 3226, 3122, 4604, 5235, 4322, 3802, 4229, 4782, 4573, 5330, 4965, 2937, 4989, 4946, 5007, 6950, 4060, 3873, 3378, 4679, 4053, 5348, 4650, 4360, 6345, 5517, 3747, 6028, 4672, 3216, 3135, 4626, 4057, 5553, 4915, 6001, 4271, 5558, 4634, 4606, 3405, 3198, 4970, 4035, 3280, 5090, 5232, 3733, 4206, 3294, 4525, 4787, 5518, 4298, 5277, 3603, 5374, 5122, 3323, 3653, 3964, 4772, 3987, 4512, 4534, 4224, 3568]
100
[4477, 4405, 3460, 3278, 5355, 3452, 5732, 5103, 4019, 5621, 3879, 4283, 5478, 5116, 3747, 4232, 3695, 6152, 7228, 4389, 3923, 3445, 5345, 4550, 5121, 5272, 4603, 4460, 5539, 3665, 4441, 4365, 4938, 4056, 3308, 4550, 3998, 6111, 5076, 5514, 4611, 4301, 4749, 4411, 5124, 5294, 3897, 4601, 4252, 4628, 4932, 4876, 4870, 3568, 3842, 7407, 5864, 4163, 5424, 4912, 4988, 3754, 3968, 4017, 4537, 3642, 3723, 5421, 5025, 3688, 5449, 2893]
100
[4624, 3230, 4938, 3721, 5731, 4384, 6244, 5353, 3500, 4039, 5363, 4337, 3898, 4710, 3992, 3397, 3975, 4207, 5549, 4682, 4012, 5977, 3177, 3480, 3938, 3435, 4764, 3548, 3878, 5536, 4935, 2384, 4740, 5286, 5358, 6402, 2835, 3794, 3789, 4253, 3746, 4098, 3369, 4075, 3972, 3652, 5545, 4171, 5198, 4849, 4353, 5493, 3613, 5152, 5427, 4138, 4128, 5299]
100
[3981, 5207, 3487, 4206, 5717, 4111, 3375, 5227, 4914, 2813, 6273, 3761, 4521, 4769, 5508, 4236, 3758, 5133, 3813, 5214, 2980, 4662, 7779, 3415, 3685, 5950, 4545, 3580, 2644, 3992, 4288, 2062, 3303, 3602, 5849, 4921, 5137, 3923, 5173, 4611, 4032, 6511, 4983, 5502, 4043, 5153, 2982, 4773, 4482, 5056, 3543, 4604, 5195, 3351, 5439, 2994, 4465, 5985, 6201, 5430, 3891, 3815, 3254, 4325, 2830, 3654, 6130, 4855, 3558, 6095]
100
[4165, 3835, 3882, 4728, 4467, 4450, 3634, 5787, 4189, 4476, 4603, 4509, 3759, 3285, 5448, 5052, 4373, 6268, 4392, 6720, 4571, 3214, 4416, 2832, 4432, 3302, 3136, 5179, 3183, 4757, 3454, 4452, 5054, 5399, 5467, 3482, 4023, 3344, 3842, 2927, 3928, 5057, 4891, 6768, 7084, 4102, 3706, 4831, 4537, 4781, 4220, 4845, 4313, 5099, 4091, 4666, 4412, 5208, 5507, 6083, 3520, 3262, 3832, 7242, 4002, 7034, 6916, 4021, 3737, 3628, 4598, 3814, 4519]
100
[3707, 3141, 5164, 3888, 4938, 5133, 7123, 3501, 4739, 3051, 3232, 5043, 3575, 3870, 6519, 3618, 2869, 3340, 4543, 3058, 4086, 2734, 6104, 6179, 5845, 3523, 3018, 4511, 3920, 4349, 4766, 3068, 2687, 3467, 3577, 4592, 5422, 4257, 4733, 3560, 4673, 5756, 2617, 4246, 4075, 4158, 4955, 4778, 3034, 3443, 4799, 5786, 3041, 3581, 4680, 5699, 3297, 3311, 3806, 4490, 3194, 5162, 4345, 4559, 4110, 3747, 3293, 5027, 5295, 3817, 4611, 3900, 3492, 3767, 4632, 2926, 3579, 3971, 3846, 4423, 3278, 4056, 3983, 5453]
100
[4195, 3850, 5291, 4757, 2429, 3200, 3537, 5950, 3208, 3667, 3568, 3220, 3187, 5108, 3222, 3337, 3011, 3778, 2848, 5721, 3022, 3370, 4493, 3006, 4288, 4482, 3106, 2937, 2528, 2953, 3931, 3440, 3382, 3995, 2691, 2551, 3910, 5859, 5602, 4700, 3465, 3679, 2786, 3749, 5574, 2929, 6338, 5161, 5354, 3723, 5602, 3515, 3364, 4764, 3364, 3206, 4971, 3056, 4451, 3265, 5888, 6241, 5058, 4716, 3586, 2995, 3375, 4557, 5535, 3331, 6865, 2856, 3013, 4577, 2814]
100
[3700, 3192, 3339, 2876, 5930, 4764, 4232, 5020, 5373, 3349, 4882, 3226, 2826, 5033, 3771, 2690, 4541, 6019, 5279, 3770, 4772, 4711, 3787, 5224, 5403, 6235, 3653, 5787, 6831, 3737, 4033, 3811, 5005, 5122, 3613, 5994, 4291, 4067, 5593, 2977, 4267, 4798, 4000, 5751, 4368, 5736, 5886, 4181, 4354, 3642, 4433, 4351, 3865, 5588, 4109, 6204, 5332, 5532, 4211, 3761, 6213, 4664, 6477, 4349, 3370, 5813, 4427, 3413, 4545, 4074, 4308, 4387, 3915, 6255, 4927, 4994, 5474, 4055, 3920, 6338]
100
[6500, 2880, 3603, 3201, 3331, 3950, 6045, 5800, 5695, 3539, 4431, 3379, 6125, 6060, 4597, 5439, 2698, 3566, 6668, 5471, 4501, 5298, 4830, 6242, 3770, 4518, 6757, 5074, 6381, 4076, 4401, 6172, 3865, 5325, 4599, 6389, 3598, 5152, 6620, 6958, 5075, 3762, 4098, 7585, 4933, 6621, 5083, 4592, 3419, 6155, 6607, 4179, 2971, 2981, 5836, 3814, 3711, 5639, 4204, 4028, 6387, 5786]
100
[3461, 3618, 3829, 4989, 3053, 3136, 3092, 3614, 3885, 3328, 3996, 3769, 3235, 3195, 2609, 3669, 5841, 3968, 3780, 4925, 3926, 3824, 3454, 4453, 3797, 4834, 4551, 3494, 3397, 3898, 3950, 3300, 4196, 3741, 3024, 3765, 4016, 3557, 4168, 4161, 4872, 3368, 3684, 4095, 3228, 3622, 4636, 2889, 4584, 5209, 3428, 2897, 3197, 2988, 3763, 5577, 3689, 3912, 3154, 4002, 4346, 4237, 3648, 3985, 4038, 3908, 3439, 3205, 3875, 3330]
100
[4791, 5333, 3906, 3152, 4426, 3239, 4282, 6415, 4500, 4332, 5927, 5935, 3431, 4632, 6223, 6020, 4650, 5796, 4705, 4790, 4536, 6506, 6720, 4061, 6107, 5308, 4628, 5020, 3988, 3531, 4576, 4673, 4174, 5267, 3654, 4323, 3782, 4332, 4255, 5869, 3623, 4199, 5380, 4198, 3274, 4926, 4202, 5211, 4594, 5568, 4586, 4141, 4537, 2840, 5549, 5011, 4359, 6629, 6085, 3660, 5350, 5328, 6966, 5657, 5215, 4723, 6043, 3175, 3872, 4251, 4209, 3820]
100
[4110, 4386, 3629, 3420, 3759, 4353, 4080, 4239, 5615, 4685, 2618, 4516, 4377, 4571, 3899, 3522, 2711, 3679, 4652, 4158, 4651, 3273, 3662, 5592, 5193, 3787, 5661, 4268, 3956, 4627, 3394, 3848, 4469, 3630, 3979, 3029, 3317, 6959, 4574, 4937, 4678, 5283, 2647, 4221, 3281, 3365, 4474, 4103, 3371, 3465, 3506, 5567, 3368, 4648, 4644, 4511, 4617, 3812, 4141, 5649, 3423, 3855, 3777, 3469, 4570, 4485, 4170, 5997, 4522, 3749, 4709, 4655, 6695, 4424, 3100, 5010, 3525, 3384, 4826, 5744, 4135, 5070]
100
[3410, 4408, 4074, 2945, 5518, 3380, 2987, 5436, 5497, 6193, 5889, 4669, 5266, 3308, 6145, 5912, 3762, 1749, 4314, 3023, 3910, 3538, 4906, 5175, 4868, 4345, 4894, 3203, 2582, 2388, 3445, 3480, 2588, 5747, 2824, 3370, 4809, 2829, 5473, 5785, 5851, 3115, 3975, 5576, 3554, 3050, 4656, 3550, 4223, 5586, 3433, 3235, 5476, 5078, 5709, 3544, 3617, 5292, 3464, 5909, 6868, 4678, 4153, 3113, 3699, 5871, 3633, 4108, 3494, 3571, 3405, 4213, 3157, 3842, 5416, 3426, 3260, 2817, 3219]
100
[3834, 3738, 4623, 5353, 5352, 6862, 4392, 5418, 6873, 5110, 7368, 6038, 4518, 6436, 3268, 4581, 6036, 5511, 4751, 6126, 4420, 3546, 6899, 6390, 3256, 5279, 4863, 6465, 3069, 5152, 6082, 3509, 4383, 4386, 6854, 3723, 5552, 5731, 5634, 5516, 5099, 2964, 3444, 4382, 6249, 5372, 8098, 7187, 5955, 3702, 4077, 4032, 5766, 3865, 5706, 3490, 5054, 5398, 6001, 2825, 6236, 3700, 3701]
100
[5904, 4192, 5252, 3298, 3632, 4303, 5820, 3587, 3741, 5433, 4317, 4356, 6279, 5328, 3918, 2541, 4600, 6655, 3916, 5588, 4137, 3989, 3186, 4595, 4867, 5451, 3449, 2742, 3461, 2661, 2998, 5449, 6517, 3885, 6917, 3735, 5734, 4957, 5152, 3892, 6347, 6848, 3679, 5545, 4141, 5399, 5222, 5702, 3341, 5817, 5064, 6242, 5858, 5613, 7795, 5109, 3716, 3248, 5018, 4103, 5387, 4683, 6755, 4643, 3947, 3452, 5194, 5019, 3949, 7311, 5913, 7481, 3366, 4814, 6392, 5074]
100
[4601, 3341, 4021, 2681, 8482, 3435, 4350, 3891, 4782, 6629, 4695, 3196, 7145, 4331, 3116, 4033, 4604, 5195, 5868, 3028, 5928, 3025, 6758, 7024, 6107, 7305, 5180, 4823, 5225, 4961, 4979, 4171, 3951, 6976, 6395, 3369, 3919, 5249, 3614, 4685, 3985, 5751, 3360, 4404, 4456, 6265, 4144, 3586, 3075, 4521, 4102, 5114, 4072, 4544, 3840, 3862, 3752, 3497, 6368, 5982, 6119, 5247, 4938, 4340, 4190, 4813, 4088, 3692, 6816]
100
[5217, 5087, 4218, 3741, 4373, 3408, 5759, 4705, 4012, 4394, 4146, 4006, 6356, 5687, 4736, 3358, 3948, 4538, 5434, 4112, 5700, 3995, 4964, 5158, 6225, 5249, 5231, 3656, 3632, 3668, 3936, 5070, 5155, 3754, 4928, 5422, 4307, 3859, 3715, 6908, 6184, 5294, 6187, 4597, 6912, 6576, 3881, 4594, 3593, 4345, 4273, 5272, 6577, 6177, 4356, 4445, 4535, 4394, 4334, 4956, 5337, 7010, 5219, 4106, 4854, 4415, 5317, 4568, 3892, 4401, 3884]
100
[4022, 3311, 5385, 8470, 3628, 3793, 5557, 2248, 5306, 4907, 5666, 3405, 3998, 6032, 3539, 6613, 4021, 3133, 3619, 4937, 2947, 4947, 3601, 5476, 3360, 3004, 6578, 5230, 3268, 3174, 5141, 6077, 4885, 3956, 6069, 3566, 4273, 3297, 4997, 5487, 3351, 3821, 4812, 6427, 5165, 2949, 5582, 5955, 3380, 5779, 7237, 4512, 5451, 5493, 3259, 6540, 7483, 5426, 3626, 5786, 5593, 6832, 5059, 3339, 3809, 3671, 5025, 5335, 5473, 5013, 5506, 5686, 6130, 4303]
100
[4274, 3707, 5586, 3501, 5310, 3298, 3698, 4422, 4197, 3608, 3764, 3819, 4227, 4825, 2636, 2944, 3674, 5706, 4689, 5359, 6717, 6050, 3199, 6443, 5583, 4332, 5499, 3663, 4676, 4110, 5106, 3599, 3162, 6337, 2946, 3694, 6214, 3830, 6135, 4256, 5898, 3671, 4692, 4068, 6965, 4445, 3050, 4915, 5259, 5117, 3810, 6196, 4178, 4236, 3642, 4581, 5636, 2985, 4360, 5456, 5871, 4250, 3065, 5751, 3649, 6143, 3141, 3971, 4161, 6974]
100
[6758, 4125, 5114, 4695, 3303, 3627, 5120, 5015, 5423, 4193, 4024, 4452, 6068, 4065, 4656, 6242, 5962, 4126, 5627, 3541, 3709, 6297, 3856, 3602, 4410, 3811, 3370, 4174, 2876, 5087, 3053, 3704, 3325, 3325, 3539, 3830, 3904, 2999, 3450, 4676, 5741, 3326, 3489, 5754, 3669, 5535, 4354, 4993, 3538, 3427, 5383, 3245, 6210, 4884, 4567, 3547, 3460, 3572, 5232, 6977, 2589, 4632, 3506, 4054, 6071, 6175, 4998, 3405, 5136, 6687, 3803, 8173, 2676, 3769, 4462, 5192]
100
[3536, 4220, 2660, 3503, 5731, 3042, 4785, 4665, 3663, 3414, 3537, 3043, 3889, 4791, 3148, 3126, 4824, 5014, 5133, 4128, 5029, 3261, 3469, 4662, 5859, 3919, 4021, 5356, 5795, 3429, 4051, 4662, 4505, 3083, 5702, 5734, 4680, 6670, 5623, 5228, 4897, 4807, 5426, 3881, 4880, 3574, 3170, 4112, 4535, 3876, 6505, 5836, 3417, 4509, 3396, 4806, 4526, 4136, 5434, 4507, 4472, 5654, 2797, 4408, 5293, 3923, 6154, 4422, 3613, 3355, 5381, 5663, 3872]
100
[3342, 5300, 5342, 6083, 3976, 4506, 6050, 5248, 5208, 3586, 4209, 5789, 3453, 3738, 4470, 4201, 5284, 3481, 5397, 3601, 4692, 6416, 4827, 7175, 3402, 4831, 3505, 4906, 4825, 4639, 3628, 5840, 3198, 5590, 3807, 6248, 4878, 5365, 3241, 3197, 6111, 3405, 4648, 5898, 4037, 4789, 2804, 3428, 3342, 4133, 4355, 3551, 4815, 4586, 3585, 2833, 4006, 4934, 4725, 3428, 4587, 3525, 3947, 5633, 5148, 3030, 3516, 5714, 4977, 5014, 4948, 5517]
100
[4083, 4344, 4438, 7800, 4772, 4594, 5059, 4485, 4657, 4813, 4583, 4600, 4344, 6226, 5691, 5419, 4012, 4323, 4738, 5018, 2659, 5488, 5086, 4000, 5223, 5936, 5425, 4536, 4559, 3323, 6599, 3143, 7353, 5100, 3890, 3116, 5632, 5849, 4923, 4770, 5578, 6009, 6678, 4780, 3172, 5076, 3949, 2824, 4572, 3860, 4732, 5231, 4209, 4574, 4260, 5122, 3443, 3608, 5947, 4348, 3282, 5426, 3969, 5860, 3704, 6061, 3905, 5153, 2979, 5601]
100
[3722, 5301, 5535, 5045, 4525, 3844, 5579, 2522, 5206, 4257, 3876, 5416, 4518, 7341, 4784, 4715, 5807, 4520, 3969, 3962, 4335, 4189, 3860, 2844, 4792, 4812, 3670, 5664, 4637, 4654, 5860, 3923, 4977, 3261, 5509, 3630, 4920, 4280, 6007]
100
[4359, 3603, 4977, 6264, 3794, 4559, 4672, 5086, 5492, 3688, 5481, 4091, 5621, 3364, 3801, 4605, 4880, 4760, 4358, 3463, 4671, 5676, 3721, 4994, 4386, 3619, 4891, 4432, 4187, 3259, 6818, 3357, 3524, 4774, 4372, 4293, 4753, 3526, 4755, 4385, 4584, 2943, 3482, 3355, 3716, 5312, 5665, 4479, 4008, 5274, 4586, 4052, 2915, 2894, 3816, 6360, 5284, 5370, 2919, 2973, 3671, 5441, 3290, 4766, 3541, 4328, 5597, 4371, 4492, 3733, 3766, 3416, 3453, 3380, 3958, 4130, 4562, 5505, 2997, 3675, 3607, 4305, 3649, 4463, 4699, 3605, 3657, 5092, 4084, 5938, 5848]
100
[3182, 5783, 5097, 5158, 5615, 2847, 4507, 5225, 5311, 4143, 4517, 3307, 3449, 6348, 3523, 4139, 4405, 3238, 3424, 4630, 3845, 5168, 4123, 4151, 4409, 5014, 3292, 4794, 5392, 4221, 5094, 2888, 2850, 3288, 5601, 5057, 6482, 4299, 4266, 3851, 4068, 4178, 3229, 3350, 3765, 5365, 2884, 3781, 4902, 4582, 3498, 4562, 5121, 4584, 3346, 3530, 3372, 5256, 4001, 3044, 3714, 5376, 4147, 5406, 4187, 4702, 2938, 5031, 4597, 6065, 3531, 3655, 3106]
100
[3998, 3999, 5938, 4943, 5083, 3901, 3584, 5220, 3414, 5050, 4060, 4243, 4386, 4080, 5264, 3330, 3979, 4774, 5457, 3087, 4440, 4589, 5137, 3452, 5461, 4779, 3605, 4138, 3941, 3733, 4546, 5022, 3981, 3662, 4574, 3949, 4297, 4779, 4184, 4894, 4614, 4154, 5207, 4698, 5049, 3743, 3438, 2782, 4884, 4464, 3655, 4323, 5000, 3588]
100
[3657, 3993, 4515, 4246, 4594, 3237, 3827, 4350, 5495, 3222, 4710, 3529, 5552, 7208, 5129, 4375, 3319, 3498, 5492, 4649, 4876, 2915, 3783, 4406, 5581, 3750, 4581, 5834, 4237, 5333, 2979, 5011, 4360, 5671, 4288, 3770, 5434, 4201, 3170, 3555, 3459, 3360, 3979, 3984, 3568, 4189, 3161, 3478, 4659, 4400, 4193, 5006, 4483, 3091, 5512, 3698, 3650, 4615, 3510, 3763, 4533, 3615, 4491, 4771, 4674, 4762, 4159, 4742, 3348, 3425, 6467, 3316, 3815, 3718, 3102, 5614, 5616, 6486, 4189, 3750, 5803, 3700, 5153, 4403, 4650]
