100
[6345, 5662, 4559, 5915, 5938, 4418, 4300, 6279, 5422, 4648, 6991, 5362, 5596, 5810, 6086, 5324, 4887, 4283, 4638, 8123, 5219, 5694, 7685, 6310, 4307, 4650, 4736, 4689, 6092, 3612, 8094, 5415, 5366, 5051, 3861, 4020, 5655, 4982, 4747, 7288, 6662, 5452, 5515, 5396]
100
[4669, 5274, 4869, 4708, 5230, 5239, 4471, 4093, 6777, 6153, 4942, 6646, 6480, 6345, 5599, 6624, 4549, 5459, 5358, 6373, 4062, 5842, 4941, 5015, 5024, 6312, 6410, 5234, 3947, 5637, 4702, 5371, 5191, 5044, 5922, 5484, 5726, 5310, 6340, 4514, 5378, 5127, 5224, 7143, 5437, 3820, 5206, 5782, 5453, 4231, 5183, 6555, 5298, 5456, 5876]
100
[5929, 6631, 6101, 5965, 4790, 5032, 5325, 5521, 5134, 6398, 5898, 4934, 5532, 5696, 7513, 6992, 6820, 4638, 5117, 4733, 4864, 5622, 7055, 5440, 5709, 4670, 5688, 7210, 6171, 6016, 6310, 6272, 5414, 6294, 6313, 4428, 6508, 4574, 4637, 5516, 4732, 5145, 7130, 4868, 5980, 4550, 4906, 7398, 4329, 6924, 4191, 5522, 7900]
100
[5525, 4921, 5221, 5000, 6063, 5648, 5236, 5011, 5145, 4536, 4691, 4860, 5902, 5060, 5591, 5353, 5634, 6531, 4014, 4457, 7089, 6221, 4857, 5930, 5919, 6574, 6190, 4988, 6032, 3410, 5309, 5183, 5113, 4927, 4054, 5892, 5506, 5061, 6797, 4919, 5077, 4699, 4875, 4264, 5303, 4581, 4985, 5557, 5060, 5060, 5136, 5278, 4349, 6370, 4614, 4783, 5659, 5443, 4674, 5337, 5049, 3890, 6592, 6695, 6403, 6561, 4361, 5434, 5368, 4570, 5849, 5029, 4300, 5150, 5330, 6879, 4013, 5699, 4572, 4505, 4054, 6897, 4760, 4521]
100
[4821, 5922, 4574, 4589, 4629, 5387, 5756, 6773, 5256, 6193, 5040, 4695, 6013, 4994, 4961, 4632, 5010, 4970, 6111, 4894, 4843, 5419, 5260, 4963, 6006, 5899, 4601, 4585, 4226, 6240, 4778, 6257, 5666, 6295, 4806, 5845, 5567, 7328, 5211, 6892, 5061, 4962, 5354, 4935, 5782, 5364, 6531, 4642, 6092, 4929, 5509, 4920, 4499, 8565, 4491, 5453, 5124, 5784, 5185, 4773, 6058, 6601, 4379, 5373, 4177, 6355, 5807, 5172, 5898, 4060, 5316]
100
[]
100
[5334, 5251, 5090, 6285, 6428, 4946, 5945, 4579, 4734, 4803, 4645, 5161, 5100, 4026, 4906, 5761, 6177, 4956, 4152, 5890, 5766, 5140, 5042, 5635, 5186, 5347, 5197, 5501, 4603, 5010, 5008, 4633, 6318, 6683, 5530, 4900, 4860, 4268, 6348, 5683, 5442, 4311, 4756, 4670, 6130, 4072, 5299, 6595, 7254, 4230, 5468, 6287, 5274, 5384, 5101, 5302, 5080, 6092, 6094, 3653, 4862, 6825, 4637, 4606, 4010, 4830, 5097]
100
[4940, 6290, 6184, 5272, 5403, 5643, 6661, 5925, 6052, 5793, 4449, 6738, 6344, 5581, 8591, 5426, 4667, 6227, 5431, 5936, 5946, 5019, 5389, 4915, 4196, 6547, 6012, 5727, 5133, 6878, 5079, 3980, 5108, 4713, 4768, 6787, 6819, 6214, 5288, 6621, 3923, 6400, 6128, 5727, 6985, 7489, 5387, 5167, 6067, 6742, 6076, 5535, 5082, 5771, 4812, 5299, 7484, 5845, 4905, 6063, 5399]
100
[7154, 4744, 5137, 6768, 5169, 5337, 5892, 6582, 7169, 4948, 4969, 5527, 4725, 4879, 5140, 6075, 5931, 5618, 4796, 5039, 6706, 4271, 5944, 6794, 7926, 4937, 5782, 3757, 5301, 5445, 4108, 6345, 5079, 4969, 5440, 6373, 4902, 5086, 5297, 3831, 5462, 6351, 4849, 5728, 5059, 5082]
100
[7880, 5561, 6260, 6263, 5869, 6066, 6060, 5593, 5216, 6172, 9280, 5105, 4575, 6010, 4855, 5828, 4777, 6583, 5596, 5759, 6767, 4671, 5469, 5443, 6277, 4709, 5755, 5143, 6559, 4700, 5450, 5062, 5653, 5154, 5957, 6564, 4919, 5485, 5424, 6412, 6306, 4867, 6682, 5623, 6140, 4660, 5853, 5867, 5455, 4196, 5683, 4887, 5275, 5504]
100
[6541, 4984, 5824, 6518, 5097, 4736, 5902, 7123, 4730, 4062, 5156, 5415, 6127, 5799, 4117, 6157, 5313, 5170, 5099, 5857, 6089, 4327, 5768, 6335, 5722, 5620, 4512, 4133, 6654, 6265, 6350, 5481, 5852, 4977, 4993, 4038, 4681, 4683, 6333, 5260, 5428, 7078, 6338, 4614, 5365, 6419, 4682, 5041, 4402, 5805, 5148, 4561, 5259, 6098, 4359, 5317, 4841, 5269, 7149, 5423, 5241, 5274, 5792, 4588, 5633, 5188, 4936, 5252, 4626, 5416, 5175, 5656, 6297, 5467, 5011, 8395, 6156]
100
[4313, 4671, 4661, 5532, 7114, 6308, 5460, 5485, 4518, 5415, 5562, 6052, 5467, 5260, 5029, 6346, 4671, 4987, 6985, 6055, 5122, 4631, 5517, 5162, 5394, 5876, 4587, 5031, 4833, 3572, 5720, 6075, 6774, 5623, 6427, 5091, 5635, 5799, 5924, 6743, 5240, 3986, 5544, 4922, 5105, 5438, 6806, 5892, 6154, 4189, 5361, 6543, 6283, 6368, 4252, 5142, 7853, 6582, 4485, 6425, 7912, 6681]
100
[4244, 5811, 5900, 4714, 5048, 4730, 6632, 5030, 6304, 6723, 5157, 5207, 5433, 5719, 6076, 5035, 4203, 8141, 7803, 6414, 8065, 5945, 6598, 5792, 4647, 4584, 5750, 5051, 4858, 4043, 4767, 4845, 4891, 5195, 5182, 4842, 9302, 6638, 4854, 5084, 5157, 6459, 6313, 5457, 5673, 4262, 3750]
100
[4923, 4210, 5534, 5727, 9857, 6946, 4854, 6543, 4606, 7663, 5717, 6308, 5338, 5446, 6308, 5765, 4780, 4775, 4612, 4813, 5735, 4850, 6620, 5563, 5779, 5208, 4856, 4375, 5031, 5099, 5778, 5500, 4705, 4327, 4968, 6272, 5604, 6034, 4399, 5230, 4922, 4071, 6146, 6516, 6987, 5399, 4334, 5532, 4870, 5269, 6043]
100
[4717, 5048, 5002, 6401, 5790, 5429, 5119, 6172, 5528, 7240, 5372, 5774, 4647, 5935, 5047, 5340, 6549, 5795, 4936, 4652, 5539, 4957, 6499, 5923, 6392, 5726, 4993, 5748, 5321, 5075, 5168, 6087, 5455, 5898, 5480, 5918, 5649, 4669, 4881, 6526, 4046, 4794, 6952, 5825, 5916, 5381, 5676, 6013, 6024, 4983, 4980, 4465, 3832, 4205, 4491, 4436, 7869, 6638, 7189, 5014, 4163, 5921, 5397]
100
[6172, 4704, 7327, 4682, 5013, 4340, 5032, 4795, 5246, 5693, 5344, 6914, 5193, 6119, 5202, 6641, 4776, 6247, 5543, 4625, 5354, 4321, 5399, 4577, 5985, 4244, 7004, 4800, 5363, 5452, 4648, 5756, 5981, 5589, 4658, 5667, 4296, 5873, 5420, 6186, 5167, 6724, 5051, 6385, 5476, 5905, 6791, 5852, 4815, 4827, 5014, 6000, 4524, 5545, 6008, 5323, 3983, 7863, 5291, 5872, 6432, 5288, 5437, 5376, 4885, 4751, 3838, 4836, 6336, 5426, 5320]
100
[6267, 5682, 4200, 6130, 5852, 4397, 5150, 6168, 5043, 4010, 6366, 5487, 7045, 4637, 8892, 5989, 7469, 4428, 7644, 4418, 6029, 4700, 5744, 3622, 5954, 5715, 4899, 6507, 4246, 5925, 4260, 5248, 7012, 5595, 5321, 5782, 4396, 4069, 4430, 4449, 6357]
