100
[4560, 5784, 4830, 4573, 4810, 6965, 6302, 5965, 7660, 5048, 4958, 8555, 6543, 5467, 5607, 5261, 7753, 5148, 6949, 6133, 4856, 5450, 3719, 6563, 5416, 6665, 6531, 7218, 5456, 5341, 6037, 5851, 5771, 5394, 5314, 6545, 6332, 4748, 5028, 7458, 6634, 5050, 4212, 4163, 6087, 6403, 4299, 5618, 6448]
100
[5602, 4319, 5015, 5440, 5435, 4202, 4486, 4368, 5849, 5719, 5295, 5510, 6330, 5253, 6059, 5528, 5557, 5925, 5684, 6071, 6871, 6647, 6248, 4333, 5498, 5140, 5309, 5646, 5178, 5269, 7485, 7071, 7274, 5602, 5912, 5642, 5284, 5384, 5951, 8124, 6253, 5134, 6015, 3112, 6645, 5065, 5986, 8244, 6810, 6896, 5606, 5333, 6946, 7106]
100
[7161, 6496, 6812, 5615, 6099, 6439, 6597, 7415, 5547, 4457, 6067, 5583, 5927, 4051, 6212, 5440, 8026, 9274, 6972, 8827, 5427, 5156, 5793, 5844, 4625, 7517, 5193, 5967, 6291, 5066, 4635, 3646, 6398, 5501, 6548, 6836, 8131, 6897, 5468, 4660, 5820]
100
[5887, 7590, 5882, 7111, 8220, 4549, 4296, 4325, 5708, 7162, 5234, 4969, 5774, 5278, 5503, 7476, 5432, 5649, 5445, 5271, 6325, 5292, 5724, 4579, 5250, 5579, 6766, 5594, 6971, 4549, 4842, 4945, 7483, 7033, 4520, 4905]
100
[5469, 4703, 5451, 5810, 5929, 5967, 5826, 4321, 3421, 5535, 4381, 7434, 5441, 5172, 5121, 5713, 6239, 5436, 5527, 5415, 6166, 6823, 5809, 7049, 5101, 5975, 5092, 6100, 6451, 4484, 6319, 5512, 5559, 6432, 4216, 6123, 5473, 6308, 7734, 6116, 6892, 5406, 4965, 6455, 5425, 4635, 5426, 5687, 6833, 7395, 5416, 6119, 5024, 5488, 5362, 6626, 5337, 6200, 4730]
100
[6288, 4877, 4914, 5153, 5154, 6184, 4523, 5042, 4309, 5390, 5912, 5442, 7785, 5832, 4343, 4355, 3612, 4476, 6272, 6024, 7493, 9560, 7455, 5001, 7754, 6250, 5161, 6252, 5245, 3820, 5587, 4647, 6541, 5534, 6406, 4114, 6326, 5572, 7191, 6789, 7236, 5224, 5103, 3717, 5017, 6156, 5451, 5482]
100
[6814, 5070, 4155, 7693, 8071, 4697, 5564, 5983, 7157, 5203, 7111, 6072, 7447, 5470, 4581, 5681, 5035, 6230, 7178, 5577, 5581, 5303, 6601, 3360, 5926, 7344, 4584, 6246, 6699, 6760, 4643, 6291, 6307, 4724, 4915, 5058, 5435, 7404, 4599, 5319, 6275, 5851, 5757, 5288, 6260, 5010, 5511, 4321, 5419, 8220, 4566, 7325, 4977, 5842, 6844, 7335, 6310, 6870, 5351, 6758, 6903, 4720, 5630, 5317, 6619, 5343]
100
[6814, 5321, 5307, 6403, 5705, 4541, 7025, 6681, 4769, 4582, 5014, 6156, 7632, 7460, 6942, 5522, 5138, 4458, 6371, 4574, 5115, 5252, 6375, 5153, 5822, 5124, 6686, 5255, 5567, 6243, 5191, 6269, 5262, 7633, 4901, 4971, 5346, 6233]
100
[4610, 5257, 5057, 6385, 6210, 6132, 6324, 7426, 4736, 4761, 6095, 4259, 6034, 6245, 6555, 5648, 6226, 7076, 5806, 5285, 6519, 7872, 7178, 5372, 5648, 7891, 5843, 5860, 5047, 7010, 6680, 4518, 5817, 5107, 5040, 5787, 6465, 7762, 6170, 5643, 6278, 5670]
100
[6040, 5849, 3848, 6188, 5728, 5756, 6074, 6554, 4308, 5139, 5780, 5661, 6172, 4417, 5863, 4389, 4405, 4063, 4994, 4602, 4793, 5626, 6849, 4780, 5630, 3918]
100
[6405, 5515, 4969, 5032, 6343, 6663, 6266, 6121, 5110, 5153, 4362, 4158, 5078, 5306, 6650, 6340, 6440, 7266, 8727, 4448, 4933, 5957, 5408, 5032, 5586, 6675, 6803, 3599, 5298, 5039, 4963, 6168, 5422, 5544, 4681, 5047, 7139, 5418, 5952, 5165, 4581, 4473]
100
[5344, 4281, 6541, 6893, 6668, 5520, 5547, 4843, 5722, 6608, 6454, 5837, 5951, 5462, 6922, 7453, 7286, 4304, 5223, 6070, 4989, 6748, 6166, 5078, 6784, 5297, 7238, 5196, 4464, 4753, 4557, 6312, 8246, 4724, 6601, 3984, 6327, 6485, 6189]
100
[7061, 6542, 5545, 6089, 5657, 4364, 5958, 5239, 6904, 6430, 5894, 5024, 5643, 6627, 4886, 7150, 4793, 6113, 5640, 8354, 4479, 5238, 5983, 5656, 6840, 4827, 5799, 5046, 6028, 5148, 5590, 5012, 5341, 5393, 5313, 7602, 5845, 6284, 5231, 5652, 6926, 5578, 6091, 6091, 5390, 6575]
100
[4986, 5016, 5852, 6262, 5516, 7590, 5746, 5278, 5999, 6414, 4437, 9189, 5595, 6692, 6236, 5350, 4159, 6233, 4717, 4521, 6141, 4559, 4951, 5446, 5544, 6357, 4203, 4709, 6395, 5859, 5791, 4906, 5359, 4714, 7330, 4620, 5044, 5356, 5246, 5159, 5526, 5981, 6115, 6900, 5550, 5779, 5967, 5224, 5929, 5425, 5445, 5188, 6154, 4983, 6213, 6070, 5837, 4501, 5873, 6415, 5043, 3906, 4707, 5763]
100
[5269, 5178, 5966, 5594, 4458, 5662, 6467, 6988, 4688, 7011, 4749, 6394, 4819, 3986, 3679, 4059, 5170, 4793, 6038, 6487, 6346, 6212, 5098, 5822, 4479, 5725, 8320, 6557, 5517, 4478, 5293, 6295, 6687, 6140, 7951, 4220, 4878, 6783, 5597, 4648, 5408, 6971, 6334, 6002, 4697, 4087, 5481, 5303, 4993, 5807, 6032, 7253, 5790, 5245, 4676, 4716, 5297, 6013, 4781, 5750, 4582, 5884, 8097, 6347, 5113, 5705, 5476, 6291, 5161, 7309]
100
[5880, 6895, 3657, 4247, 5065, 4912, 6811, 7331, 5537, 5820, 5111, 4884, 5997, 6453, 4446, 6889, 5586, 5136, 5152, 5500, 6217, 3738, 5766, 4839, 7260, 4772, 6907, 4541, 5931, 7223, 5827, 4998, 7372, 6023, 5027, 7689, 5716, 5597, 4937, 5657, 5130, 6800, 5562, 6979, 5175, 5329, 5313, 3726, 7660, 6328, 6345, 6048, 5610, 4709, 6535, 5019, 4814, 4858, 6735]
100
[5671, 7104, 6569, 7124, 6193, 9048, 5244, 7328, 4952, 4677, 6078, 5587, 5817, 5495, 6726, 4327, 5620, 3130, 3030, 4302, 6611, 5823, 6795, 6679, 4940, 4680, 6314, 8007, 5126, 6519, 5375, 4563, 8545, 5365, 6522, 7242]
100
[7436, 5346, 5477, 4822, 5491, 3963, 5901, 5485, 5031, 4689, 6592, 5517, 5233, 5087, 4269, 5798, 3601, 5395, 5074, 6469, 4574, 4191, 4631, 6274, 4731, 5566, 5873, 6030, 5573, 4016, 3830, 6289, 6385, 6054, 4873, 6122, 4606, 5975, 7330, 5370, 5796, 5534, 6708, 6907, 5112, 4617, 3741, 4421, 5418, 5043, 6088, 5232, 5276, 4750, 5120, 4833, 5104, 4677, 6305, 4728, 4862, 4976, 5318, 6388, 5864, 4793, 6051, 6368, 4289, 5671, 7012]
100
[5170, 6333, 5680, 5210, 6133, 4352, 5778, 3988, 4735, 3516, 4112, 5861, 5318, 6651, 6280, 6597, 4828, 3817, 6860, 4974, 5731, 5715, 4985, 5645, 5151, 5045, 4586, 3086, 5221, 5440, 4501, 6397, 5441, 5815, 5751, 5354, 5975, 6141, 4133, 5890, 6812, 5450]
100
[5947, 6223, 5215, 4074, 4642, 3764, 5755, 8913, 7290, 5121, 3340, 7159, 7057, 8143, 5937, 5218, 6153, 5181, 5000, 4339, 5392, 4900, 5159, 5029, 6557, 5056, 4824, 6785, 6786, 6410, 6086, 4434, 4417, 5229, 4150, 5455, 4537, 6364, 6567, 4343, 6238, 5002, 5765, 5591, 4447, 8462, 3596, 5333, 4894, 4904, 5084, 4877, 5722, 6187, 4394, 6084, 5324, 3933, 4699, 5425]
100
[6491, 6571, 7478, 4956, 6320, 7840, 6489, 5019, 6334, 5292, 6048, 5875, 5070, 5736, 6006, 5990, 3485, 7157, 5884, 5600, 6531, 5777, 7116, 6817, 6478, 4752, 5702, 5802, 5558, 7021, 6703, 6304, 5734, 6603, 5456, 6439, 7551, 6511, 5823, 5694, 4506, 7092, 4665, 4888, 5388, 6369]
100
[5865, 4122, 7446, 6620, 5512, 7155, 5963, 5263, 6303, 6197, 7582, 6963, 6513, 6393, 5227, 5326, 6484, 6770, 5396, 5299, 3709, 5326, 6018, 7618, 6021, 5815, 5343, 6939, 5689, 5888, 7000, 6439, 5057, 3384, 7274, 7443, 6322, 6210, 7640, 6025, 3632, 7267, 6209, 3824, 8607, 6976, 5408]
100
[4972, 6075, 7291, 7140, 5033, 7606, 6581, 5897, 5987, 5407, 6622, 8009, 5082, 5299, 5248, 5623, 5806, 6719, 4992, 6231, 6279, 6939, 6546, 6008, 4783, 5546, 6019, 6345, 7879, 4921, 6814, 6309, 5170, 6073, 6069, 4748, 5392, 5715, 4644, 6410, 4570, 6254, 4807, 6040, 6119, 5751, 4992, 5564, 6163]
100
[4701, 4034, 5155, 6874, 7641, 4913, 5374, 6810, 5625, 4388, 4215, 5658, 4945, 5338, 7032, 6749, 5222, 6321, 6672, 6264, 4295, 8280, 6953, 5266, 4576, 5927, 6212, 4784, 4859, 6978, 6424, 7086, 7024, 5002, 5060, 4790, 5356, 7063, 7093, 4791, 5614, 6594, 5777, 6752, 7315, 7067, 6348, 4991, 5979, 6147, 6647, 7486, 4884, 5179]
100
[6009, 4604, 5772, 4711, 5309, 4225, 5021, 5749, 4355, 6602, 4284, 4754, 6195, 5145, 4742, 6727, 5479, 4802, 4956, 6504, 6665, 6649, 5540, 5848, 4173, 6266, 7031, 5280, 6275, 6217, 6206, 5360, 6641, 6068, 5522, 6430, 5953, 6139, 5490, 5238, 5907, 6927, 4693, 7042, 7243, 4833, 4914, 4392, 3965, 6272, 5231, 5247, 4043, 6628, 5055, 5846, 3895, 6624, 6531, 5888, 5412, 5086, 4963, 6270, 6059]
100
[5545, 5691, 6111, 4280, 4118, 4453, 5767, 4151, 6391, 6538, 4881, 5839, 7320, 5712, 6151, 6256, 5223, 5759, 8349, 4339, 6506, 6429, 6463, 4553, 6574, 4442, 5902, 4495, 4907, 5710, 7923, 3896, 4959, 5349, 5357, 5495, 3531, 9650, 5375, 5153, 4518, 6895, 6320, 5540, 5557, 6115, 6171, 5642, 6880, 4874, 5713, 3932, 6286, 6540, 5516, 4737, 5565, 4704, 4161, 5593, 5820, 5117, 5717, 5056, 5176, 4956]
100
[4836, 5417, 5791, 5776, 5930, 6101, 4976, 5569, 4319, 5060, 5640, 7212, 5669, 6789, 4918, 6383, 4658, 5736, 5396, 7495, 5845, 4729, 8066, 3958, 2794, 4351, 7238, 6118, 5010, 4677, 5290, 6162, 5722, 6046, 4649, 7922, 6278, 6623, 5927, 6412, 4415, 4710, 6572, 7426, 5298, 5108, 4027, 5502, 7604, 6030, 6757, 5445, 5613, 5012, 5769, 7403, 5355, 6738, 6713, 4538, 4171, 6875]
100
[5643, 6053, 5493, 6028, 7442, 3717, 7029, 4932, 4788, 5581, 6371, 6683, 4859, 5086, 7405, 5865, 5176, 6032, 4782, 6019, 6309, 5130, 4113, 5568, 5739, 4445, 6470, 5219, 5565, 8315, 6162, 5751, 5561, 5878, 5426, 5663, 5082, 4944, 7176, 6149, 4436, 5511, 5975, 5916, 6666, 4330, 6021, 4860, 6350, 6258, 6282, 6729, 5558, 6542, 3938, 5359, 7175, 5106, 6623, 5772, 4868, 6162]
100
[5760, 5305, 5351, 7972, 5399, 9032, 6373, 6030, 5279, 5398, 6803, 6559, 6063, 5318, 5771, 5403, 5765, 6678, 4273, 8144, 5299, 5181, 5792, 5306, 4879, 8708, 4520, 5262, 5689, 6328, 6083, 6354, 6656, 5563, 6122, 6646, 6417, 5270, 6938, 5325, 5327, 5692, 5249, 5881, 5417, 4667, 5601, 6013, 6147, 4325, 5588, 7268, 4307, 7213]
100
[6687, 6572, 5286, 5653, 6246, 5621, 6498, 6061, 4254, 6542, 6588, 5823, 6959, 6298, 6114, 6108, 4835, 5625, 5420, 5063, 6788, 5172, 5662, 6206, 5480, 5964, 5680, 6059, 5308]
