100
[5174, 4411, 6049, 3500, 5659]
100
[5261, 5785, 4201, 4484, 5203, 4971, 3522, 4520, 4320, 6116, 4251, 5120, 6200, 5081, 4941, 6170]
100
[5044]
100
[5484, 5180, 4648, 3084, 4236, 2958, 5230, 3286]
100
[4709, 4678, 5815, 5086, 5060]
100
[4757, 3823, 4027, 4472]
100
[3646, 4010, 4550, 4234]
100
[4031, 4321, 3738, 3489, 5772, 4751, 4364]
100
[4659, 3008, 5030]
100
[4019, 3848, 3247, 4868, 4485]
100
[4471, 6269, 4658, 2279, 4903, 4246, 5541, 7218]
100
[6388, 4739, 4385, 5260, 4430, 3277]
100
[5116, 5005, 5851, 4673, 6080, 4325, 4217, 4284, 4656, 3321, 6934, 3852]
100
[4518, 2608, 2500, 2977, 816, 3459, 3460, 5332, 5376]
100
[4944, 4339, 5512, 3541, 3475, 4150, 4661]
100
[4022, 6315, 6242]
100
[5761, 4576, 5957, 5103, 3714, 6761]
100
[5833, 5835, 2697]
100
[5847, 2511, 5707]
100
[6211, 5395, 4803, 4426]
100
[3747, 4166, 4247, 2662, 6476]
100
[5538, 5422, 4991, 7339, 5971, 3311, 3835, 5128, 3506, 3064]
100
[5515, 3554, 3691]
100
[5441, 2922, 5975, 3686]
100
[3754]
100
[4671, 5627, 5887, 6614, 4382, 2640, 4579, 4223, 6091, 5629, 3151]
100
[5024, 4538, 2793, 3196, 4143, 7937]
100
[3383, 4959]
100
[2297, 4422, 4252, 6129, 3418, 3395, 3136, 6333, 5504]
100
[4542, 5524, 4474, 4031, 3872]
