100
[4154, 6000, 2986, 5504, 4464, 3954, 3787, 5836, 4521, 3987, 4443, 4306, 3645, 3035, 4446, 3313, 2968, 3649, 3899, 5858, 4491, 3515, 4138, 4810, 2310, 3936, 4567, 6078, 3830, 4295, 3516, 2281]
100
[2852, 4325, 4749, 5743, 5013, 5761, 4740, 3343, 2470, 3297, 2749, 3388, 5056, 6091, 3437, 4655, 4986, 4485, 4058, 4046, 5276, 4399, 5197, 4282, 5046]
100
[3526, 2002, 4511, 3220, 3756, 3178, 3674, 3175, 4815, 2161, 2313, 4856, 5102, 5997, 4593, 4268, 5520, 4943, 3782, 3320, 1874, 5032, 6426, 2018, 3890, 3833, 4275, 3416, 1221, 3628, 5394, 6855, 2647, 2626, 3213, 3611]
100
[7421, 3737, 2487, 4729, 3495, 2507, 5436, 3757, 4061, 2101, 5050, 3221, 4645, 3421, 4634, 5228, 4741, 3394, 5350, 4693, 3699]
100
[5264, 4112, 5490, 5288, 4897, 3946, 5236, 6305, 2466, 2035, 2727, 3399, 5020, 4942, 4517, 6209, 3645, 3044, 3229, 4000, 3138, 5404, 5347, 3858, 4784, 3787, 6628, 3352, 4493, 3280, 3416, 4976, 4715, 3851, 4860, 7774]
100
[6951, 4242, 2661, 7478, 5007, 3951, 2451, 3951, 2844, 4690, 5182, 6448, 5471, 5675, 5147, 3831, 5369]
100
[3978, 4255, 5116, 4301, 4127, 4733, 4697, 6500, 3276, 2263, 4795, 5154, 4142, 7931, 5377, 5616, 4104, 4220, 3868, 7346]
100
[5307, 4436, 5254, 2320, 3299, 3801, 4060, 6587, 1536, 3268, 2349, 3649, 2905, 4485, 7188, 4070, 4138, 4501, 2135, 4108, 4772, 4530, 5704]
100
[3540, 2270, 2287, 4914, 5912, 3449, 4439, 2389, 5561, 4492, 1193, 4280, 4040, 3803, 5723, 3959, 4042, 3721, 4692, 4089, 4738, 3251, 4140, 2679, 6742, 2938, 5650, 5330, 5077, 3561, 5660, 6531, 3584, 5026, 3983, 4041]
100
[3972, 3871, 4497, 3535, 4272, 4654, 5221, 5005, 3515, 3276, 6962, 3991, 6280, 4723, 4172, 2869, 3222, 2999, 4286, 4379]
100
[5593, 3648, 4830, 5325, 2025, 3242, 5721, 1523, 5085, 4035, 1991, 1701, 3628, 4805, 4203, 5252, 2524, 4067, 3681, 4240, 1857]
100
[4144, 4180, 3213, 3414, 3512, 4589, 4789, 4726, 3354, 3615, 5459, 3764, 3982, 4598, 4248, 4503, 3486, 4000, 4993, 4356, 3714, 4541, 6444, 4902, 4595]
100
[7330, 4775, 3162, 7537, 4582, 3375, 5870, 3780, 5963, 5906, 3346, 4907, 4132, 6498, 3956, 6857, 5867, 3287, 4397, 5249, 5758, 7015, 6040, 4182, 2982, 4805, 4044, 3935]
100
[6706, 3700, 2260, 3029, 4562, 3798, 4703, 3819, 3398, 4962, 5309, 1155, 5590, 1937, 4261, 2703, 2870, 5028]
100
[1841, 4031, 4915, 3483, 2635, 4859, 5035, 6277, 4546, 4747, 4917, 3787, 2945, 6040, 4345, 5499, 4171, 6454, 6251, 3604, 2364, 3776, 4292, 4900, 3233]
100
[4009, 1567, 3829, 2758, 3917, 4079, 5537, 4488, 3169, 3921, 3682, 7318, 4293, 4317, 5506, 5077, 6642, 2052, 2989, 5160, 2671, 3154, 2183, 3807, 6098, 3799, 4949, 6307, 4538, 6417, 4761]
100
[3760, 3523, 4986, 4082, 3942, 3664, 3243, 3527, 4200, 3076, 3577, 3386, 2205, 4044, 4598, 4709, 4165, 5326, 2549, 3911, 3573, 4455, 6791, 7060, 4441, 3580, 2681, 5944, 3506, 3445]
100
[6568, 2884, 3577, 7786, 3836, 3304, 3625, 2877, 4825, 5153, 2882, 2639, 4640, 3237, 4485, 4874, 6155, 5569, 4258, 2966, 6080, 5313, 7738, 5947, 3676, 5663, 3313, 4707, 4895, 8089, 5242]
100
[4757, 2843, 3898, 4265, 4979, 4755, 3914, 2679, 4323, 4911, 2519, 2789, 4625, 5344]
100
[4604, 2909, 5533, 3312, 2305, 3969, 3953, 3721, 4737, 3486, 3834, 7517, 2479, 3458, 3038, 5070, 3908, 2576, 4723, 2522, 5283, 4179, 6574, 4692, 5629]
100
[4886, 1387, 5388, 3412, 3957, 2840, 7210, 3533, 5468, 5437, 4059, 6272, 5678, 3975, 4880, 3114, 4705, 5644, 4844, 2037, 5034, 3979, 4117, 5020, 3723, 6048, 4608, 4724, 3313, 5709, 4127, 3103, 3337, 3400]
100
[5217, 5013, 4542, 4769, 5531, 4724, 5560, 5818, 4758, 4002, 3426, 4653, 3289, 5745, 6264, 4590, 4254, 4676, 2764, 6981, 4075, 4827, 3082, 1459, 4192, 3350, 2611, 4092, 5699, 5029, 4072, 3441, 4012, 1550, 4628, 5417, 5832, 5076, 3725, 2046, 5620, 4465, 5139, 3902, 3471, 4150, 4082, 4702, 4338, 2963, 4197, 4300, 2996]
100
[5782, 3836, 4213, 4231, 5482, 5310, 5183, 6085, 4183, 4438, 6194, 4853, 3865, 4735, 4908, 1729, 4197]
100
[5530, 4181, 6295, 5683, 1470, 3973, 3095, 6792, 5448, 4047, 3980, 6813, 4158, 3956, 5084, 7157, 4105, 3108, 5621, 5027, 7536]
100
[4710, 3303, 5031, 7453, 3037, 3814, 4645, 5299, 3938, 4723, 6755, 3455, 4482, 3088, 4151, 3201, 3300, 3102, 4691, 3698, 3016, 6243, 4222, 4490, 3122, 4685, 4828, 2696, 3979, 2736, 8076, 2546]
100
[4020, 4486, 4416, 3145, 4385, 2615, 4767, 2211, 5248, 6217, 2999, 3533, 2465, 5847, 3738, 5122, 3995, 3265, 3985, 5312, 5984, 4636, 4816, 2185, 4181, 5106, 5355, 5062, 4186, 4564, 2872, 4699, 4984, 3327]
100
[4434, 3911, 7605, 2705, 2747, 4892, 3187, 5036, 4840, 4014, 6304, 4357, 4208, 3092, 2838, 2032, 3074, 3083, 7153, 6477, 5103, 6168, 4287, 5959, 6203, 4417, 5523, 3936, 3968, 4470, 3005]
100
[3230, 5092, 3558, 3001, 2408, 3237, 2153, 3819, 4250, 6341, 4034, 4896, 2966, 3354, 7383, 4361, 4980, 5519, 6261, 4913, 4362, 4758, 3408, 3031, 3488, 3856, 2951, 3093, 3434]
100
[3842, 6029, 5291, 2933, 3852, 4942, 3857, 3774, 2600, 2081, 3447, 4981, 3469, 4671, 3212, 2216, 3017, 3709, 5552, 1894, 4999, 2628, 5156, 3035, 4227, 3125, 5473, 3275, 4254, 3936, 3930, 4344, 4500, 6877, 3085, 3640, 5262, 3249, 2940, 3598, 6650, 5196, 4288, 2764, 4314]
100
[3946, 2163, 4571, 7004, 3267, 3950, 3091, 4232, 6850, 3298, 4394, 4572, 5633, 5720, 3480, 3994, 4208, 4217, 5842, 3686, 4088, 3326, 4885, 5195]
