100
[4861, 4605, 4002, 4677, 6509, 4615, 5126, 4373, 3839, 4701, 6145, 5894]
100
[3471, 5906, 7420, 3610, 5282, 3759, 5868, 4276, 4346, 5134, 4266, 5493, 8039]
100
[4720, 4217, 5595, 6145, 5682, 5318, 5006, 6039, 5469, 4312, 4504, 4209, 5929, 4970]
100
[5164, 5526, 5146, 5583, 4545, 5010, 4263, 5856, 4143, 5559, 4655, 4555, 5143, 7075, 4103, 5765, 4901, 4836]
100
[5390, 5810, 4096, 5778, 4534, 6833, 5408, 7512, 4492, 4625, 4676, 3831, 3659, 3416, 4775]
100
[4630, 4305, 3562, 3790, 5713, 5336, 5915, 4236, 5812, 4832, 4744, 4800, 4729, 5841, 6278, 5957, 4675, 6155, 4421, 3898]
100
[5657, 4505, 5107, 4767, 6484, 4046, 4643, 5329, 5787, 5824, 4835, 3039, 5319, 4089, 5435, 6364, 3984, 5702]
100
[5354, 4080, 4658, 3633, 4068, 4466, 4535, 4991, 5394, 3747, 5872, 7523, 5088, 3777, 4393, 5416, 4315, 3870]
100
[4907, 4363, 4475, 5807, 6025, 4411, 4491, 6047, 4921, 4023, 5826, 4654, 4962, 5169, 3814, 4621, 4093, 7278, 3871, 5201, 4484, 5057, 4995]
100
[4151, 4966, 5280, 3988, 4599, 4735, 4327, 4114, 3943, 4722, 4246, 5554, 5025, 4799, 6525, 4782, 4557, 6789, 4355]
100
[5155, 5301, 3606, 5484, 5395, 4331, 4208, 5318, 3103, 4445, 5648, 4718, 7542, 5437, 4422, 4615, 4973, 5936, 5107, 4330, 5577]
100
[5947, 5663, 4341, 4142, 5081, 5133, 5144, 5120, 4934, 5484]
100
[5679, 4475, 4187, 6034, 3816, 5085, 5193, 4452, 4473, 5274, 5277, 4581, 5567, 5352, 6958, 6075, 4564, 4035, 6022, 5863, 5114, 5211]
100
[5749, 4642, 5341, 4365, 5058, 4077, 7949, 4227, 5327, 4603, 4365, 4317, 4717, 5418, 5383, 5261, 4155, 5997, 4041, 5062, 4399, 3992, 5271, 4521, 5907, 6665, 4694]
100
[5359, 4496, 4223, 4847, 5767, 3787, 5958, 6043, 4617, 4809, 4642, 5041, 4131, 5916, 4974, 4251, 3994, 3491, 4458, 5220, 4696, 5457, 7276, 3198, 3257, 3532, 4006, 4847, 3485, 6693]
100
[6761, 4932, 4219, 4831, 3814, 5240, 4221, 5542, 3566, 4883, 5170, 5370, 6718, 4117, 5853, 5147, 5332, 6894, 4723, 5609, 4916, 4625, 4678]
100
[3683, 3530, 4296, 6652, 2898, 5520, 5592, 5731, 5755, 5219, 5822, 3983, 4668, 3948, 5639, 3837, 5251, 7140, 5778, 4638, 4309, 4634, 4437, 5509, 6732, 7557]
100
[4753, 5113, 4510, 4745, 5074, 4824, 4584, 5190, 5645, 4771, 6318, 6417, 3278, 5485, 5156, 5011, 3919, 5438]
100
[4244, 4849, 5847, 4548, 5651, 5014, 6183, 5325, 4307, 6611, 4728, 4829, 3827, 4109, 6419, 4405, 5952, 4824, 4279, 5626]
100
[4912, 3482, 4078, 3969, 4539, 6067, 4968, 5266, 4774, 5630, 3600, 5398, 5101, 7161, 4800, 5885, 3272, 5060, 4126, 3154, 4947, 5804, 4121, 5058, 5135, 5539, 6173, 5486, 3732, 5241, 4307]
100
[5582, 4405, 6361, 4156, 5149, 4580, 6057, 3443, 4987, 5225, 4531, 4570, 5595, 4385, 5575, 7158, 6876]
100
[3801, 6459, 4370, 5245, 4976, 4735, 4174, 3506, 5965, 3955, 4692, 5989, 6124, 4954, 4231, 5657, 3968, 4706, 4312, 5719, 4351, 5824, 4406, 4132, 4633, 4681, 5831, 4561, 4744, 6426, 5114, 4715, 6604, 5130, 4114, 5235, 4599, 6407, 5205]
100
[4548, 5250, 5225, 3361, 4397, 5313, 6307, 5153, 4785, 3897, 4902, 4511, 5429, 4334, 3921, 4352, 4527, 5764]
100
[5981, 5098, 5739, 4031, 6128, 3832, 3881, 3525, 6415, 6935, 5264, 3904, 7329, 4371, 5537, 4248, 6226, 5729, 5553, 6823, 4925, 5128, 5242, 5148, 4602, 5116, 6173]
100
[4227, 7928, 4174, 5262, 3999, 5555, 4298, 5759, 5150, 4472, 4178, 3865, 3945, 4301, 6147, 7268, 5304, 6568, 5154, 5800, 3961, 3264]
100
[4422, 5543, 3382, 4846, 6216, 3844, 4156, 5448, 4089, 5473, 4933, 5361, 6218, 6112]
100
[3773, 4289, 6600, 5769, 4409, 4074, 5118, 5989, 4982, 5591, 3884, 4875, 4227]
100
[6660, 3105, 4999, 3916, 10036, 4034, 5548, 4504, 5074, 4625, 4606, 5436, 3925, 3693, 5327, 5190, 4804, 5355]
100
[4176, 4789, 4585, 5971, 4319, 3835, 5631, 6315, 3856, 5092, 3831, 5312, 4840, 4437, 4611, 6620, 3575, 7080, 3072, 5528, 4305, 4760, 4301, 5348, 5539, 4133]
100
[5249, 5222, 4414, 4774, 4564, 3816, 5817, 5123, 4474, 4187, 4339, 4713, 5101, 4424, 7624, 4911, 7784, 4310]
