xySTOCHASTIC model nr:0
successfully contained fires: 48
failed attempts: 2
total #runs: 50
amounts of burned cells: [7859, 6610, 5112, 6779, 5618, 6366, 5095, 6371, 5803, 7344, 6438, 6318, 5787, 6027, 6856, 7115, 5550, 6215, 5297, 5002, 4391, 5955, 6692, 6043, 6593, 7446, 5756, 6417, 5963, 5756, 6706, 5173, 5967, 7278, 7127, 5418, 5798, 6488, 5153, 5753, 7316, 5723, 6179, 4926, 5859, 6712, 5684, 6538]
average: 6132.75
SD, SE: 753.923595090406 108.81949764346409

xySTOCHASTIC model nr:1
successfully contained fires: 39
failed attempts: 11
total #runs: 50
amounts of burned cells: [5672, 8486, 6459, 6742, 6604, 6712, 6767, 6839, 7366, 7715, 6637, 6403, 7065, 7204, 5873, 6272, 6981, 6322, 6169, 6532, 7030, 6253, 8315, 6537, 7259, 5019, 7506, 7373, 6637, 6907, 5593, 6078, 7352, 7992, 8886, 6905, 5110, 7185, 5901]
average: 6786.102564102564
SD, SE: 836.0776466985837 133.87957000354612

xySTOCHASTIC model nr:2
successfully contained fires: 31
failed attempts: 19
total #runs: 50
amounts of burned cells: [6245, 4550, 7330, 7974, 6666, 7909, 8447, 6330, 6180, 6975, 7093, 5323, 7869, 6085, 6356, 7558, 6890, 6989, 5626, 4992, 9313, 7209, 7006, 7377, 7403, 6251, 4102, 5720, 6231, 7022, 4888]
average: 6642.225806451613
SD, SE: 1158.0967348679592 208.00031384218167

xySTOCHASTIC model nr:3
successfully contained fires: 41
failed attempts: 9
total #runs: 50
amounts of burned cells: [7420, 6778, 6059, 7483, 8121, 5037, 6207, 4610, 7002, 8681, 6638, 7993, 6505, 8102, 5142, 8104, 8358, 9389, 6895, 7882, 8338, 6753, 6640, 10070, 8412, 7940, 6912, 6541, 5907, 6856, 6857, 6193, 7081, 6137, 7675, 6503, 6121, 5530, 6238, 8443, 9335]
average: 7143.609756097561
SD, SE: 1217.1151111963236 190.08144556699895

xySTOCHASTIC model nr:4
successfully contained fires: 42
failed attempts: 8
total #runs: 50
amounts of burned cells: [5995, 7220, 5090, 6488, 6081, 6014, 6070, 6495, 7793, 4274, 6511, 5967, 6602, 6650, 8272, 5814, 6036, 5276, 5162, 6799, 6540, 7852, 5735, 6536, 5698, 6987, 5855, 7686, 8193, 7576, 6345, 7064, 5023, 5695, 7494, 6994, 6729, 7142, 6581, 4188, 6062, 6208]
average: 6399.809523809524
SD, SE: 946.4296770313267 146.03726966947443

xySTOCHASTIC model nr:5
successfully contained fires: 38
failed attempts: 12
total #runs: 50
amounts of burned cells: [6948, 7218, 7939, 6354, 7182, 5737, 6786, 7586, 7130, 6364, 7599, 8086, 8680, 7318, 4740, 8775, 8027, 8325, 7944, 7181, 7414, 5302, 7158, 7136, 6520, 8476, 4443, 6848, 9017, 6063, 6882, 6508, 8800, 7436, 7188, 8201, 7699, 7762]
average: 7230.8421052631575
SD, SE: 1058.6211972468307 171.73103505653017

xySTOCHASTIC model nr:6
successfully contained fires: 0
failed attempts: 50
total #runs: 50
amounts of burned cells: []


xySTOCHASTIC model nr:7
successfully contained fires: 47
failed attempts: 3
total #runs: 50
amounts of burned cells: [6194, 5046, 8305, 6593, 6052, 6678, 6871, 4975, 5244, 8555, 6336, 6402, 6161, 6708, 8607, 4894, 5514, 5058, 7071, 4672, 7252, 4637, 5253, 5222, 6407, 7382, 7423, 6669, 6758, 7338, 6938, 6654, 7097, 7163, 6444, 7249, 5749, 6120, 5935, 6575, 6052, 5480, 7233, 5209, 9001, 6761, 6374]
average: 6432.148936170212
SD, SE: 1039.8605044140047 151.67924363534516

xySTOCHASTIC model nr:8
successfully contained fires: 42
failed attempts: 8
total #runs: 50
amounts of burned cells: [5751, 6628, 7569, 5683, 6152, 5199, 6499, 6972, 7673, 6196, 7152, 6656, 9635, 7915, 6284, 5752, 6609, 7122, 7315, 6468, 6424, 6198, 8373, 6259, 6088, 5595, 5497, 8051, 7222, 6540, 6505, 6796, 6696, 7191, 6349, 6046, 6544, 5944, 6002, 6722, 7925, 7262]
average: 6701.4047619047615
SD, SE: 866.4109896022791 133.69011813960284

xySTOCHASTIC model nr:9
successfully contained fires: 21
failed attempts: 29
total #runs: 50
amounts of burned cells: [7704, 7387, 5691, 6192, 5723, 7062, 6084, 5173, 5380, 7597, 8479, 7385, 5344, 7823, 7697, 5821, 6604, 5576, 7060, 5848, 5732]
average: 6541.047619047619
SD, SE: 1003.3696963826682 218.9532182713541

