xyUNCERTAINONLY model nr:0
successfully contained fires: 40
failed attempts: 10
total #runs: 50
amounts of burned cells: [5360, 6072, 5627, 4557, 3669, 6364, 4235, 4961, 3814, 6421, 3242, 5010, 5504, 5411, 5641, 4568, 3887, 5617, 3828, 4051, 6110, 4358, 5623, 4645, 3867, 5093, 4235, 2724, 3377, 4446, 3506, 4034, 4573, 4537, 3569, 3417, 3919, 3797, 3395, 3444]
average: 4512.7
SD, SE: 959.4973630727652 151.70985381177368

xyUNCERTAINONLY model nr:1
successfully contained fires: 41
failed attempts: 9
total #runs: 50
amounts of burned cells: [3409, 2720, 2763, 6835, 2920, 3503, 3859, 6005, 6198, 3065, 2583, 6293, 5543, 4856, 6138, 3803, 6617, 5620, 6354, 3142, 7304, 5324, 7365, 3527, 3298, 4951, 7609, 5043, 3803, 4069, 5012, 2927, 5574, 6935, 5946, 2925, 4564, 4976, 6313, 5192, 6395]
average: 4909.219512195122
SD, SE: 1510.9332796684823 235.9681342485162

xyUNCERTAINONLY model nr:2
successfully contained fires: 36
failed attempts: 14
total #runs: 50
amounts of burned cells: [6121, 4411, 6641, 3687, 5215, 4222, 4499, 3934, 4134, 4979, 4456, 4655, 5642, 4366, 5435, 6241, 4390, 3076, 4024, 5522, 5750, 4589, 2617, 4883, 5170, 5277, 5533, 5774, 5445, 5834, 4566, 4758, 5686, 5703, 4767, 4400]
average: 4900.055555555556
SD, SE: 872.428235098352 145.40470584972533

xyUNCERTAINONLY model nr:3
successfully contained fires: 25
failed attempts: 25
total #runs: 50
amounts of burned cells: [4151, 5919, 3780, 3772, 3936, 6729, 4261, 3762, 3179, 3639, 4211, 4486, 3965, 4928, 5315, 6163, 5959, 7334, 4087, 5057, 3706, 4517, 3613, 3303, 3633]
average: 4536.2
SD, SE: 1113.3960062200092 222.67920124400183

xyUNCERTAINONLY model nr:4
successfully contained fires: 39
failed attempts: 11
total #runs: 50
amounts of burned cells: [4805, 4281, 2981, 4678, 4245, 5125, 3071, 3942, 3363, 3736, 4474, 3347, 4791, 3334, 3822, 3716, 3075, 4035, 4568, 3835, 5259, 4225, 4192, 4918, 4814, 5324, 3470, 4409, 4801, 3226, 3951, 4770, 4932, 5144, 5298, 4316, 4682, 4230, 4150]
average: 4239.358974358975
SD, SE: 676.9720699820359 108.40228774383165

xyUNCERTAINONLY model nr:5
successfully contained fires: 36
failed attempts: 14
total #runs: 50
amounts of burned cells: [5481, 3161, 4122, 3137, 3256, 5590, 3827, 5099, 4981, 6032, 4768, 3574, 5532, 5647, 5355, 5197, 4904, 4064, 4225, 4307, 4045, 4312, 4741, 5017, 4160, 3675, 6688, 4107, 5499, 5110, 3300, 4521, 6022, 5176, 3606, 5949]
average: 4671.861111111111
SD, SE: 919.6261710306229 153.27102850510383

xyUNCERTAINONLY model nr:6
successfully contained fires: 34
failed attempts: 16
total #runs: 50
amounts of burned cells: [3421, 3830, 3478, 5741, 5500, 3350, 3953, 7258, 4021, 3070, 6322, 3341, 5302, 3714, 4117, 4062, 2790, 5256, 3641, 3695, 3144, 4314, 4306, 2802, 6587, 3640, 3669, 6031, 4193, 4838, 4482, 5172, 5418, 5489]
average: 4410.205882352941
SD, SE: 1141.1759957594984 195.71006867134764

xyUNCERTAINONLY model nr:7
successfully contained fires: 34
failed attempts: 16
total #runs: 50
amounts of burned cells: [5330, 3817, 4766, 3985, 3485, 5480, 4723, 4253, 4060, 5138, 4142, 4728, 4791, 5134, 4343, 5075, 5056, 6584, 4640, 4625, 4676, 4714, 4067, 4262, 3078, 5888, 4682, 6178, 5434, 5294, 4078, 4704, 3731, 6248]
average: 4740.85294117647
SD, SE: 786.5961626990724 134.9001289814176

xyUNCERTAINONLY model nr:8
successfully contained fires: 38
failed attempts: 12
total #runs: 50
amounts of burned cells: [5822, 6411, 3344, 4092, 3387, 4828, 2883, 6600, 5062, 5160, 3843, 3561, 3416, 5596, 3623, 5477, 5585, 3721, 3535, 2713, 5609, 5332, 3732, 3098, 3754, 4059, 5846, 4195, 3625, 3775, 3711, 5307, 3303, 5417, 3871, 4181, 5332, 4219]
average: 4395.394736842105
SD, SE: 1041.9786411535504 169.0312559558298

xyUNCERTAINONLY model nr:9
successfully contained fires: 36
failed attempts: 14
total #runs: 50
amounts of burned cells: [6132, 3017, 3066, 3488, 4018, 3911, 2773, 5969, 4043, 5016, 3100, 3435, 4478, 3567, 5770, 4888, 5711, 3684, 5174, 4020, 3204, 6627, 3731, 5492, 5403, 4390, 5340, 3531, 4711, 5123, 5469, 5118, 4683, 4705, 4234, 3280]
average: 4452.805555555556
SD, SE: 1017.6023590337785 169.6003931722964

