100
[4693, 4494, 4564, 5650, 5437, 5048, 4892, 5967, 5387, 5601, 5902, 5373, 5458, 4496, 5145, 5857, 4586, 4887, 6260, 6354, 6365, 6119, 4918, 4702, 4896, 5798, 5253, 5377, 7819, 6283, 6607, 5428, 5791, 5861, 5094, 4070, 5267, 8848]
100
[6857, 5569, 5173, 5637, 6220, 5042, 5515, 5164, 6520, 5056, 5240, 4733, 6721, 6173, 6214, 6906, 5472, 6342, 6145, 5302, 4277, 6633, 5203, 6818, 4917, 5557, 5972, 4998, 5209, 5915, 3753, 5910, 6244, 5432, 6296, 4671, 5087, 5466, 6333, 5010, 5697, 5468]
100
[5317, 5057, 5065, 6950, 5102, 5190, 4963, 6574, 7494, 6089, 6157, 5544, 6321, 5122, 4882, 5934, 5618, 4311, 6695, 4944, 6192, 8729, 5556, 4222, 7136, 5047, 5218, 6449, 7730, 5897, 6627]
100
[4144, 5247, 5712, 7101, 5067, 3933, 4365, 4695, 5202, 5522, 3918, 5484, 4915, 6511, 7142, 4463, 4169, 4373, 6015, 4317, 7034, 4675, 4427,5479, 6017, 5515, 4703, 5589, 4178, 3781, 5801, 5274, 5778, 4821, 6441, 5723, 4290, 5614, 5649, 4959, 5038, 5311, 4048, 6409, 6959, 6202]
100
[6153, 6407, 3896, 4699, 4582, 5099, 6245, 7132, 6227, 4234, 5538, 5165, 5894, 5734, 5963, 5024, 6976, 5855, 6014, 5440, 5638, 4411, 6149, 7973, 5118, 6739, 6688, 5905, 4095, 4638, 3683, 4210, 4961, 5776, 4358, 5108, 5421, 5244, 4671, 6246, 5581, 6270, 4733, 4403, 7042, 5684, 5460, 7301, 6136, 6455, 4397, 4640, 6654, 5637, 7201, 6226, 4285, 5128, 5540, 6489, 4879, 6165, 5787, 4661, 5439, 4938]
100
[5258, 6208, 4343, 6872, 3886, 5702, 4936, 4599, 6560, 6062, 6010, 6309, 4791, 5258, 5420, 8105, 6035, 5140, 4881, 4855, 5776, 5652, 5314, 4391, 6282, 4535, 5059, 4450, 5137, 9402, 7092, 7389, 5529, 5265, 5471, 5772, 5628, 5855, 5971, 5337, 8884, 5786, 6205, 6383, 5275, 5941, 5877, 5062, 3982, 5121, 7054, 6815, 4173, 5432, 6937, 5789, 7511, 5677, 5853, 5860, 5283, 7578, 5235, 6903]
100
[5745, 5030, 5250, 6489, 4664, 5128, 5487, 7294, 6061, 5962, 6062, 4844, 4989, 5332, 4222, 6381, 4959, 5415, 4432, 5973, 6401, 5970, 6636, 5445, 5586, 4990, 5746, 5825, 4550, 7132, 6177, 6427, 4601, 6201, 4780, 6046, 4624, 8704]
100
[5767, 6360, 5361, 4687, 5659, 4451, 5894, 7104, 4996, 6680, 8852, 6328, 4218, 5419, 5506, 9537, 4362, 6244, 5462, 4400, 4538, 5988, 6548, 6482, 5900, 8590, 5613, 5354, 5585, 5197, 5698, 3698, 4958, 5610, 4994, 6110, 5450, 5360, 4452]
100
[7598, 5817, 6618, 5057, 7215, 6092, 6611, 6740, 5595, 5746, 5713, 5085, 6638, 6117, 5069, 6535, 5841, 4745, 5598, 5559, 5389, 9362, 7622, 4602, 5638, 5761, 4336, 6238, 5208]
100
[4662, 7081, 6444, 5599, 4954, 5820, 7108, 7227, 5894, 6324, 7121, 5752, 4909, 6819, 4293, 5655, 6569, 5495, 6485, 4637, 4160, 5508, 4848, 6530, 5311, 6154, 5375, 5194, 4702, 6827, 5201, 4725, 6360, 5357, 6179, 4351, 3879, 5914, 4771, 5798, 5418, 5759, 6016, 3940, 4533, 4643, 6378, 5707, 6225, 5709, 5023, 5970, 5098, 5233]
