100
[4537, 6336, 5897, 5022, 7678, 5582, 6413, 5273, 5170, 5287, 5128, 4952, 5535, 4742, 4161, 5198, 5522, 7654, 5068, 5007, 6392, 4829, 6495, 4760, 4732, 5326, 7317, 5415, 4455, 4639, 5151, 6839, 4638, 4656, 4162, 4601, 4879, 4862, 5093, 5761, 5589, 6698, 3597, 4443, 5263, 7661, 4840, 5732, 5055, 7848, 5520]
100
[5030, 5266, 6210, 5223, 3771, 5487, 5038, 4147, 4823, 4600, 4769, 5676, 6989, 4070, 4729, 6306, 4357, 5670, 6951, 4509, 4497, 4493, 5865, 3101, 4592, 4953, 4242, 3927, 4537, 4757, 5100, 5264, 5301, 5131, 6437, 4717, 3285, 4588, 5121, 6144, 5974, 5732, 6271, 4912]
100
[4631, 4190, 4571, 6304, 7033, 4818, 4236, 5647, 4414, 4004, 5185, 5501, 3546, 6449, 5526, 5366, 5009, 4456, 3678, 5291, 3613, 9219, 4801, 4411, 3942, 6043, 3826, 5465, 8287, 4182, 4641, 4780, 4726, 4629, 4914, 6751, 5330, 6422, 4947, 4928, 6630, 6460, 4683, 4517, 5588, 5326, 5871, 4278, 6379, 6426]
100
[4851, 5730, 6332, 5064, 5025, 4984, 5386, 5147, 6600, 4110, 5209, 5185, 6518, 6300, 5481, 6024, 6844, 4241, 5194, 4970, 5437, 6324, 4449, 5146, 4277, 4590, 4916, 5804, 4665, 5468, 3995, 6725, 4751, 4063, 5132, 4753, 4930, 4988, 4943, 5265, 4593, 5773, 4958, 4159, 6005, 5359, 6133, 4782, 6176, 6085, 4243, 4986]
100
[4711, 5730, 4510, 5411, 4878, 5787, 5112, 6589, 4610, 4976, 5285, 7061, 4881, 6378, 5671, 4385, 6150, 4157, 5582, 4583, 5244, 3965, 5713, 5848, 5295, 6518, 4436, 5589, 5749, 5259, 5776, 5055, 5899, 4622, 5184, 5377, 5937, 4615, 4108, 5374]
100
[6898, 4678, 5085, 5607, 4972, 3840, 3733, 6110, 4175, 4616, 6534, 5698, 6826, 5005, 6824, 6782, 4725, 4896, 5413, 7038, 4381, 5469, 6291, 4317, 4665, 6040, 5263, 4481, 5829, 4860, 5331, 5639, 5424, 4338, 6938, 6522]
100
[5398, 5281, 3843, 4417, 7557, 5096, 5199, 6076, 5276, 4586, 5561, 5122, 4228, 5936, 4334, 4612, 4276, 4915, 3650, 5868, 4500, 5083, 4852, 5479, 4328, 5448, 5327, 5733, 4571]
100
[6263, 5536, 5581, 5421, 5670, 4875, 4048, 3849, 4748, 5465, 5711, 5883, 5426, 3748, 4688, 5295, 4288, 4920, 5450, 7538, 4814, 6734, 4469, 4104, 3747, 5321, 5088, 4986, 5466, 9162, 6270, 6227, 5736, 5719, 3661, 4917, 5101, 7513, 5736, 5097, 4672, 4899, 4971]
100
[5183, 4445, 4695, 6250, 4259, 5339, 4174, 3827, 5705, 5004, 4123, 2314, 5911, 4623, 4559, 5653, 5019, 4112, 5054, 4113, 5789, 5316, 5309, 5381, 5128, 4181, 3532, 5881, 4159, 5202, 5895, 6118, 5385, 4825, 4966, 5304, 6526]
100
[4152, 4731, 4909, 4554, 7098, 4542, 4784, 4648, 5201, 5956, 5296, 4864, 4713, 3940, 5862, 4877, 6452, 5526, 5035, 5687, 6054, 5808, 6747, 6686, 5694, 5737, 5397, 5202, 3984, 4903, 5377, 4990, 5168, 4252, 5527, 5957, 6627, 4861, 4712, 5838, 4894, 4855, 4068, 5221, 3902, 5121, 6530, 5010, 5674, 5890, 5157, 4130, 5382, 4764, 6354, 4951, 4653, 4753, 5832, 5112, 4319, 4509, 4751, 5085, 5790, 6230, 4773, 4552]
100
[3700, 4743, 5363, 4746, 5050, 5655, 5142, 6596, 3521, 4924, 5028, 4257, 5374, 5761, 4395, 4871, 4513, 5177, 4577, 3569, 4483, 6935, 5365, 5134, 4787, 4194, 5588, 5798, 5755, 4786, 5189, 3676, 5396, 4611, 4248, 4529, 4756, 3938, 5383, 3600, 3912, 6646, 5168, 3453, 4339, 5479, 5646, 4973]
100
[5980, 4931, 5921, 6048, 3810, 5567, 6050, 5391, 4952, 5152, 5142, 4961, 5556, 7027, 3896, 5033, 5397, 5885, 6222, 5532, 7270, 5077, 4068, 5797, 5124, 5345, 4358, 4618, 5307, 3880, 6371, 3928, 5494, 5618, 4859, 5879, 5173, 5409, 5880, 4047, 5794, 4985, 5362, 5877, 4187, 6015, 5751, 4885, 6873, 5073, 7039, 3797]
100
[3522, 6098, 5018, 4604, 5497, 5844, 3839, 4770, 5663, 5968, 4765, 4173, 4747, 5487, 5055, 5135, 5358, 4180, 5214, 4169, 4801, 5031, 5727, 4978, 5718, 3899, 5662, 4758, 4088, 3993, 4671, 5497, 5479, 4900, 5773, 4369, 5884, 4078, 4484, 6753, 5636, 4163, 4629, 6631, 4807, 4896, 4754, 5343, 4129, 4174]
100
[3207, 4026, 5414, 5480, 5332, 6676, 4968, 3389, 4467, 5302, 4447, 5042, 5485, 4579, 4954, 6719, 5090, 5592, 5976, 4827, 4726, 5849, 5718, 5366, 5170, 4645, 6104, 5724, 5236, 4260, 4446, 5030, 6615, 5300, 4989, 5448, 6053, 5394, 5725, 5573, 7867, 4477, 5052]
100
[5391, 4355, 5723, 4973, 5826, 6112, 4421, 6168, 5764, 5603, 5015, 4467, 5577, 5685, 4972, 5980, 4368, 5773, 6402, 6005, 5407, 4965, 5601, 3994, 6570, 4042, 4889, 6013, 4176, 4343, 4205, 5432, 4375, 6089, 5033, 4664, 4795, 5398, 5541, 6218, 5127, 6722, 6302, 4642, 4841, 4719, 3961, 5224, 5832, 4796, 4127, 4641, 6350, 4548, 4894, 5963, 4697, 5083, 4808]
100
[4854, 5719, 3560, 4578, 4401, 5535, 5937, 4673, 4386, 4014, 3478, 4013, 4964, 6325, 6206, 4837, 4385, 5086, 5659, 7161, 4931, 5141, 4348, 3375, 5889, 5482, 3475, 5484, 4893, 5009, 5075, 5375, 4109, 5155, 5176, 4761, 4721, 4497, 4624, 4860, 4526, 4963, 4162, 6120, 5465, 4737, 5027, 4415, 5077, 4440, 3606]
100
[4606, 5246, 4965, 6711, 5408, 5175, 4687, 5143, 5366, 4425, 5718, 3775, 4680, 7515, 5287, 5741, 6365, 6442, 4926, 6732, 5280, 5779, 5372, 4164, 6300, 5697, 4042, 5226, 6442, 5168, 5110, 5524, 6205, 5010, 5585, 5107, 2808, 5515, 5525, 6174, 4870, 5157, 3794, 5365, 4946, 4502, 4189, 5339, 6940, 4642, 5149, 5270]
100
[4723, 6472, 4797, 6243, 4237, 5134, 5118, 6174, 4500, 3755, 5092, 4158, 4063, 4299, 4075, 5607, 4755, 6388, 4734, 4390, 4455, 6797, 5699, 4253, 4626, 5732, 5255, 5051, 6398, 5782, 4845, 4256, 4778, 6863, 6409, 7130, 4912, 4905, 6478, 5044, 4320, 6902, 4938, 4310, 6918, 5302, 7628, 4220, 4452, 4657, 4988, 6020]
100
[6655, 4778, 7689, 4962, 4558, 4660, 4716, 4819, 5187, 5626, 6634, 4813, 5761, 5328, 4086, 5770, 5251, 4589, 4900, 4327, 4671, 5514, 5904, 4714, 6872, 4404, 5047, 5500, 5161, 4926, 5587, 6147, 4894, 4252, 5219, 4447, 4368, 4745, 3949, 5021, 3864, 5506, 3498, 5559, 3608, 3812]
100
[3879, 5700, 4279, 3545, 5701, 6893, 4345, 5723, 3820, 4762, 4476, 3716, 5307, 4333, 5267, 4650, 4436, 4298, 4766, 5506, 6489, 4589, 3996, 4032, 4829, 5274, 5355, 5491, 5164, 6270, 4971, 4663, 5122, 4042, 5787, 4964, 4995, 4279, 3770, 4920, 5591, 5367, 4378, 4998, 4677, 5700]
100
[3961, 4632, 5161, 5457, 5377, 5013, 4978, 4442, 7190, 4161, 5076, 4863, 5120, 5283, 5073, 5857, 5371, 5031, 4720, 4496, 7243, 5169, 5487, 4605, 5847, 5855, 5629, 3838, 4945, 5467, 3753, 5211, 5978, 6168, 5239, 4126, 4870, 5946, 4346, 4484, 5334, 6001, 5616, 5705, 5359, 6697, 4790, 4274, 5619, 6323, 3996, 5315, 5664, 6001, 5613, 5603, 6098, 5044]
100
[4468, 4494, 4245, 5476, 5327, 5161, 5279, 6111, 3721, 6574, 4624, 5098, 4827, 4434, 5697, 3545, 5756, 5907, 5613, 4362, 4583, 4505, 4920, 5785, 7155, 4803, 4331, 5883, 4897, 5228, 4286, 4728, 6593, 3030, 4911, 7177, 5659, 6412]
100
[5130, 3750, 6629, 4706, 5347, 4538, 5607, 8981, 5922, 6349, 5629, 5743, 5609, 5180, 5446, 3754, 3418, 5277, 5595, 5204, 5972, 5123, 4657, 5711, 4261, 5220, 4912, 5154, 4638, 3947, 7476, 5104, 4184, 4259, 6228, 4586, 5197, 5036, 4034, 6569, 4697, 5322, 7879, 4519, 5264, 5963, 5839, 5155, 6394, 4142]
100
[4137, 5819, 5982, 6264, 6586, 3952, 4948, 4104, 4827, 5421, 4488, 4160, 4279, 3908, 4173, 5931, 3895, 3853, 6621, 4154, 4158, 6224, 5759, 4103, 5985, 5839, 4362, 6377, 4314, 6669, 5508, 5630, 5136, 4802, 5882, 5177, 6149, 4336]
100
[4578, 5673, 5812, 6323, 4698, 4472, 4393, 5070, 6900, 6291, 5541, 5542, 5152, 4856, 5019, 4952, 4422, 5085, 4191, 5535, 4697, 5371, 8904, 4562, 4121, 5258, 5656, 4312, 4630, 5529, 8565, 5578, 5645, 5355, 4539, 7314, 6088, 7630, 4805, 5094, 5178, 5767, 4876, 4572, 4945, 5423, 3773, 4296, 6198, 4810, 5191, 5775]
100
[4931, 5115, 4190, 4731, 5442, 4774, 4479, 4015, 5443, 3738, 4229, 5449, 4056, 4088, 6043, 3821, 6828, 5238, 5550, 3842, 5418, 3686, 5083, 4486, 5936, 4460, 5503, 5818, 4549, 3781, 4362, 5213, 4972, 4266, 5530, 4564, 5131, 5393, 4006, 4796, 4121, 6582, 7401, 5855, 3880, 5257]
100
[6055, 3519, 5419, 3945, 4716, 5472, 3974, 4753, 4488, 5500, 3940, 4066, 4760, 6135, 4778, 3603, 5092, 3436, 4921, 5989, 6449, 4609, 5639, 4592, 4218, 6050, 4249, 5504, 4515, 4709, 5075, 3153, 5317, 3526, 4517, 4486, 5776, 4161, 5445, 4115, 3785, 4976, 5619, 4706, 5420]
100
[4890, 4763, 5078, 6218, 6995, 4679, 5956, 4296, 5195, 6749, 4795, 5646, 3758, 5484, 5532, 4953, 4719, 4725, 6178, 4790, 6418, 3943, 5197, 5425, 6115, 4971, 6920, 6052, 5705, 6326, 6574, 6477, 7612, 5132, 4602, 4614, 4904, 4069, 5900, 5905, 5008, 4955, 6725, 5061, 4506, 5704, 6538, 8063, 4468, 5201, 6471, 5467, 6057, 4916, 5755, 4467, 5733, 4947, 4636, 6663, 5086, 5303, 4714, 5575]
100
[4281, 5854, 4038, 4437, 4830, 6896, 5818, 4813, 5361, 4552, 5430, 6128, 5408, 5577, 5730, 5558, 4939, 5693, 3994, 4089, 5403, 5038, 3974, 5973, 4736, 5577, 5321, 4635, 4703, 6294, 6289, 4038, 5235, 4478, 4740, 4588, 5973, 5368, 6000, 6888, 5818, 5055, 4477, 4129, 4199, 6385]
100
[5086, 5006, 4726, 4805, 5523, 6164, 5228, 4496, 5862, 4554, 5190, 5521, 6151, 6946, 5641, 5078, 6542, 4946, 6367, 5588, 6509, 4768, 3641, 5247, 6353, 5780, 7233, 6480, 4418, 4528, 4693, 4380, 6591, 5668, 9153, 5100, 6273, 6102, 4755, 6376, 5686, 3930, 6483, 6055]
