100
[4328, 2444, 3286, 6453, 6968, 3486, 4228, 4126, 4057, 4475, 6894, 4618, 5877, 7196, 5500, 4210, 5976, 5163, 4877, 4424, 6554, 3023, 6676, 4315, 4601, 4742, 4091, 3374, 5189, 3859, 7530, 5134, 4178, 3323, 4248, 6049, 3908, 4050, 3725, 3656, 5649, 3890, 5714, 2841, 5474, 10765, 6053, 4952, 5096, 3747, 3431]
100
[2885, 4277, 3346, 4527, 3772, 3960, 5914, 2290, 4437, 6513, 6789, 5287, 5620, 3565, 5035, 7380, 6708, 4262, 4781, 4143, 5630, 3859, 5100, 3954, 4190, 6674, 5127, 5252, 4301, 2954, 5564, 5046, 5926, 7420, 5161, 4504, 4682]
100
[4294, 4196, 6473, 5603, 6523, 5327, 3215, 3588, 6458, 4230, 4498, 3738, 5990, 4809, 4554, 4208, 4515, 5356, 6240, 6479, 5043, 5444, 6092, 4450, 5445, 5846, 6475, 4761, 5366, 3128, 5841, 6181, 6970, 4642, 4229, 4926, 5043, 3179, 5690, 5540]
100
[4758, 8953, 4902, 3304, 5855, 6755, 4516, 5325, 7438, 4452, 6563, 5147, 3582, 4581, 4945, 6181, 1328, 5490, 4434, 6104, 5790, 5003, 3779, 6774, 7731, 4923, 4308, 3838, 4899, 3697, 6378, 5438, 4518, 3494, 5357, 6232, 5847, 6043, 5316, 7175, 6914, 8000, 2797, 5136, 4038, 4993, 7476, 6186, 5630, 5545]
100
[3931, 6200, 8054, 5097, 4844, 4225, 3632, 6715, 8433, 6351, 4958, 3830, 6387, 5890, 6042, 6144, 5606, 5987, 5469, 4973, 5242, 4959, 6104, 5868, 5132, 4164, 3421, 4661, 5324, 4894, 5647, 3511, 3409, 5825, 4161, 6933, 4491, 5853, 6263, 3515, 4245, 6053, 3820, 4433, 3158, 4135, 4464, 3406, 8763, 3402, 4157, 3766, 3219, 4695, 2929, 6926, 4625, 4633, 5239]
100
[3895, 5527, 4045, 4519, 5339, 4207, 2921, 6224, 4225, 4553, 5066, 4635, 3346, 4443, 3206, 5192, 2859, 4129, 3318, 4363, 3791, 5987, 5975, 4445, 4605, 4518, 3436, 5214, 5066, 4982, 4848, 5571, 4186, 5162, 5727, 3810, 5339, 5518, 4736, 3966, 3232, 4782, 3982, 3917, 4202, 4284, 3889, 5393, 4694, 6315, 3427, 4597, 3802, 6668, 5129, 5348, 2958, 5017, 5834, 4171, 5715, 3131, 7810, 3677, 4378, 5962, 4164]
100
[4225, 2609, 8045, 5222, 6781, 4682, 2975, 4064, 2990, 4618, 3397, 2798, 4358, 5673, 4521, 1506, 4926, 3002, 2089, 3855, 4499, 3491, 4040, 4842, 4277, 5479, 3584, 5633, 4145, 4557, 5476, 3576, 4811, 5571, 5047, 5481, 5747, 4521, 3773, 7193, 5682, 3588, 3050, 4867, 5258]
100
[3147, 3513, 3487, 5855, 3373, 6763, 4071, 5509, 5753, 5428, 3497, 5566, 3807, 5559, 6838, 5355, 3599, 5541, 5414, 5468, 2591, 4736, 4727, 3127, 3602, 3907, 3334, 4414, 3844, 4699, 2766, 6034, 6981, 3257, 6892, 4906, 5363, 4108, 3632, 6504, 3362, 3413, 2938, 4098, 2979, 3545, 4451, 4542, 5410]
100
[3556, 3660, 5606, 4125, 3775, 3383, 4188, 2973, 4104, 3491, 5224, 3663, 4580, 4876, 6026, 4539, 5261, 3411, 3217, 2737, 3863, 3157, 4854, 3840, 4395, 2291, 3507, 5248, 3745, 4952, 4204, 2596, 3999, 5962, 3588, 6029, 5205, 4946, 4921, 3477, 5466, 5109, 5141, 3730, 4313, 5988, 5360, 5224, 2647, 6810, 5199, 5276, 5075]
100
[6284, 3763, 6720, 7805, 3820, 3914, 5341, 6098, 5780, 4800, 3398, 4036, 5904, 3625, 4627, 4528, 6058, 8287, 5117, 4486, 3027, 4575]
100
[4720, 4120, 4509, 4146, 5658, 5420, 5449, 6141, 3366, 6002, 2714, 4168, 5934, 6030, 4172, 5458, 5371, 4797, 6675, 5755, 3498, 6856, 6158, 4732, 5135, 3108, 3849, 5713, 4417]
100
[3560, 3603, 5756, 5478, 6440, 5922, 6156, 3555, 3909, 4057, 7058, 3950, 4585, 2514, 4909, 7858, 2978, 4799, 6964, 5030, 4403, 6416, 4308, 3787, 5069, 6674, 4911, 4051, 4821, 5500, 5082, 2574, 2003, 3004, 3484, 5641, 5126, 5447, 3891, 5781, 5782, 5053, 3971, 7483, 5084, 5249, 6071, 8601, 4655, 6115, 4416, 3739]
100
[5108, 5079, 2980, 5928, 7279, 4495, 3990, 6917, 3707, 4806, 3636, 4291, 5043, 5837, 5065, 4563, 4813, 4842, 4544, 5669, 6033, 4513, 5131, 4451, 3551, 5437, 4210, 3022, 3501, 4314, 7669, 3103, 3878]
100
[4937, 2995, 5603, 5192, 4271, 4830, 4141, 3881, 5460, 5264, 3330, 5411, 3768, 5432, 3076, 5192, 5067, 6767, 4069, 2747, 4127, 4937, 5024, 4506, 3645, 5250, 2538, 3648, 6766, 5498, 7876, 6645, 5757, 3478, 3212, 5400, 3874, 3823, 4189, 6184, 2349, 6303, 5054, 3657, 4881, 6241, 6645, 3827, 5128, 4545]
100
[4901, 2805, 4451, 4728, 6552, 3084, 3497, 5500, 5272, 7596, 3784, 5084, 4313, 5988, 6501, 4958, 4996, 5030, 3093, 5210, 4496, 4825, 5140, 6243, 4857, 4020, 5600, 6580, 5422, 5311, 5743, 3379, 3706, 3559, 4578, 4578, 6606, 6151, 5450, 4608, 6525, 3999, 5006, 5065, 7693, 4491]
100
[4970, 6340, 4648, 4122, 5547, 4618, 3721, 4319, 5635, 5069, 1999, 6641, 4354, 5577, 6580, 4888, 4620, 6532, 6894, 6607, 4925, 3500, 6847, 3449, 6223, 5221, 7784, 4659, 6427, 5063, 3744, 5636, 5358, 4856, 5597, 4939, 4538, 5683, 9121, 5834, 5548, 3999, 4969, 3741, 5114]
100
[4172, 4552, 6406, 6376, 3014, 8154, 7084, 4433, 3916, 5606, 6883, 4164, 4393, 3803, 6941, 5056, 6800, 4318, 5297, 4858, 4660, 6503, 6421, 7932, 6392, 5858, 6391, 5356, 4096, 4293, 5923, 6063, 6337, 6220, 5223, 6921, 4421, 6676, 5619, 3983, 5727, 4665, 1887, 5147, 3910, 5177, 5776, 6943, 3671, 5781, 5513, 8204, 5145, 3091, 6751, 4353, 6560, 3355, 4903, 3843, 3241]
100
[5396, 4405, 4136, 4135, 5708, 5566, 5589, 5647, 9232, 6759, 4998, 2797, 4600, 4068, 3535, 5721, 4073, 4561, 5577, 7027, 6942, 5074, 6145, 4881, 3838, 6102, 6682, 4927, 4151, 4541, 7794, 4118, 4011, 6783, 5243, 5000, 7617, 5277, 6083, 5733, 6559, 7585, 6511]
100
[6143, 3564, 3798, 5714, 4155, 4811, 5726, 3776, 5044, 6379, 5904, 7418, 6743, 4277, 5792, 8183, 4706, 4861, 4355, 4329, 4563, 3942, 5488, 3987, 3280, 6325, 6692, 7008, 6266, 4465, 6364, 4050, 6557, 3251, 6079, 3694, 4078]
100
[4864, 4077, 3597, 5582, 5688, 4140, 7161, 4701, 3398, 6322, 2683, 6210, 6416, 4489, 4006, 5228, 5572, 6768, 3844, 3371, 4254, 6484, 6040, 2995, 6004, 3640, 4597, 4141, 5226, 4489, 3646, 4531, 3725, 3694, 3291, 4180, 5239, 7031, 4300, 3920, 4732, 7015, 4351, 5260, 3637, 3861, 3611, 3665, 3514, 4566]
100
[5699, 3125, 3843, 4820, 6506, 5952, 3624, 4580, 5968, 5583, 4303, 3972, 3613, 5646, 5407, 3916, 3666, 7480, 4683, 5764, 4573, 5635, 3130, 4627, 6212, 4677, 7233, 6231, 4772, 5528, 3734, 2277, 5683, 4671, 3151, 5354, 4444]
100
[5909, 4132, 7140, 5834, 6257, 6501, 4648, 7033, 4391, 5853, 5889, 5547, 5214, 7343, 7399, 3698, 5465, 2815, 3073, 5338, 5511, 7182, 3891, 4384, 6518, 7261, 3547, 6249, 6201, 3228, 5413, 3469, 3569, 4908, 3693, 7031, 3875, 5912, 4350, 4621, 4768, 5194, 4494, 4804]
100
[3855, 3710, 3621, 7524, 3169, 7266, 6100, 5334, 4767, 6737, 5662, 2557, 3131, 3295, 3252, 5478, 3062, 4505, 5198, 5482, 4866, 3708, 5931, 4155, 3045, 4094, 4490, 3915, 4670, 7393, 4331, 3408]
100
[3503, 5449, 4921, 2489, 6024, 4019, 6568, 4603, 4726, 5448, 3801, 5089, 2897, 4646, 5005, 4454, 4771, 4035, 3910, 5729, 6971, 7199, 7926, 4236, 3593, 5342, 8127, 4091, 4202, 3175, 5919, 3839, 5289, 4072, 4652, 4901, 6757, 6377, 6763, 4230, 4586, 5934, 5650, 4729]
100
[4161, 5203, 3974, 2438, 5460, 4999, 4366, 6074, 5946, 4768, 4895, 5401, 6059, 3892, 2321, 2781, 4659, 4030, 5452, 4247, 4814, 4318, 2606, 2965, 2681, 6493, 4786, 3516, 3406, 3139, 3177, 3790, 6318, 3878, 4941, 3688, 6364, 4550, 4604]
100
[4431, 5110, 5455, 5088, 3480, 3670, 5046, 5215, 6273, 3668, 4144, 4149, 3632, 2731, 6462, 5759, 4552, 3440, 6336, 4453, 2815, 4538, 5167, 3502, 6265, 5323, 3514, 5990, 4480, 5481, 3692, 3539, 5474, 3921, 4269, 4931, 6393, 5551, 4489, 2692, 3696, 4932]
100
[5341, 4907, 5459, 5131, 4994, 3995, 4231, 5429, 7193, 4853, 6018, 5023, 5609, 4787, 5075, 3880, 7683, 3384, 5383, 3996, 5121, 5432, 5384, 3973, 4241, 4845, 6258, 6202, 4312, 3510, 4542, 4795, 4209, 3957, 3265, 5060, 4710, 5818, 3763, 5365, 7550, 5649, 7813, 4904, 4021, 5780, 2850, 4236, 5172, 4932, 4028, 2592, 3613, 6111, 7381, 4081, 4828, 4729, 5160, 5827, 3218]
100
[4113, 6039, 8210, 5910, 5090, 5830, 4121, 6753, 4113, 5460, 5876, 5331, 5566, 6804, 4926, 4950, 5592, 6178, 4631, 6200, 4947, 4306, 5105, 3788, 6653, 4841, 4256, 6970, 4300, 5580, 4811, 4110, 7365, 5125, 6819, 4559, 5711, 3648, 4877, 3972, 5070, 3188, 4817, 5284, 4080, 5960, 5085, 4346, 4390, 4404]
100
[6453, 2919, 5118, 4479, 5211, 2995, 2528, 3346, 4339, 2967, 5479, 3510, 7329, 7866, 4923, 7056, 4178, 3969, 5061, 6008, 4211, 3121, 6867, 4022, 3568, 4543, 3251, 3952, 5388, 4581, 7453, 6675, 7865, 3695, 3365, 7151, 5789, 4894, 3407, 4414, 5448, 4491, 5427, 7257, 5278]
100
[4258, 4526, 5325, 4314, 3658, 2913, 3875, 2775, 5774, 3977, 4705, 4977, 4239, 7397, 5726, 3827, 3834, 5456, 2675, 4422, 3803, 3789, 4324, 3468, 2830, 3077, 3982, 5631, 4355, 3389, 4450, 3856, 4422, 4179, 4796, 3295, 5631, 5582, 5416, 7654, 4282, 5293, 4399, 6925]
