100
[6855, 7554, 6331, 6707, 6803, 5726, 5120, 5465, 6288, 5197, 6852, 5401, 7597, 6316, 6914, 6603, 5651, 5214, 6139, 5845, 6322, 5115, 5058, 6378, 5431, 6119, 3600, 6224, 6833, 4330, 6064, 7275, 5563, 6974, 5832, 5709, 4747, 7120, 7341, 5560, 5563, 4876, 7266, 5067, 6776, 7534, 5668, 5976, 6416, 7275, 6029, 5961, 5536, 7391, 6514, 6137, 4038, 5841, 7287, 4996, 5818, 5740, 4769, 6768, 7526, 6140, 6192, 5013, 7037, 6559, 5496, 5647, 4389, 5743, 6558, 5475, 6277, 5192, 4920, 4642, 4649, 6489, 4870, 5730, 6297, 5310, 4837, 6072, 4067, 6995, 7292, 6433, 5851]
100
[5022, 4429, 4358, 4742, 5620, 3870, 4828, 4751, 5187, 6354, 6065, 4462, 6174, 6173, 6045, 5994, 6533, 5051, 4398, 4974, 3694, 6256, 5659, 5397, 4865, 5551, 5804, 5679, 4573, 5129, 5777, 5877, 5543, 5968, 5094, 5769, 6554, 6214, 4480, 4154, 4726, 6254, 5505, 4442, 5998, 4983, 5904, 5530, 3711, 6049, 6216, 6189, 5502, 7009, 5183, 7075, 5821, 5028, 5580, 5520, 5119, 5978, 5725]
100
[5881, 7508, 6408, 6721, 5851, 4797, 5825, 6593, 5410, 5745, 6188, 5461, 6211, 5922, 3807, 6439, 5069, 5955, 6345, 5228, 4677, 6319, 7205, 5387, 6484, 6677, 3918, 4505, 4736, 6069, 5686, 6815, 5565, 6302, 5451, 6519, 4499, 5065, 7991, 5302, 7263, 6047, 6010, 5822, 5493, 6481, 5408]
100
[7119, 5843, 6304, 7568, 6043, 6665, 5564, 7129, 5174, 6115, 4735, 6040, 6128, 4704, 5256, 5782, 5711, 6459, 6565, 6669, 5881, 4674, 4343, 6545, 5421, 7000, 5208, 6466, 6338, 5338, 7193, 5077, 5177, 6281, 5745, 5739, 6553, 4932, 6672, 7426, 6727, 6129, 6847, 5437, 4604, 5127, 5673, 5029, 5139, 5905, 5437, 5710, 4504, 5139, 5459, 5282, 7342, 5669, 4652, 4899, 4997, 5692, 6315, 6190, 5574, 6518, 6009, 5255, 6075, 6394, 5071, 6293, 4847, 6649, 4430, 6603, 5654, 7405, 5490, 5041, 7039, 4440, 6550, 5212, 4986]
100
[5401, 5258, 7343, 4482, 6659, 6674, 5955, 7100, 6200, 7308, 9034, 5762, 7438, 7464, 6596, 5743, 6452, 5693, 4360, 6408, 6240, 6207, 7233, 5699, 6128, 6445, 5627, 4646, 6111, 5392, 5800, 5321, 5649, 6364, 6118, 5264, 5538, 6700, 7581, 5159, 6709, 5867, 5766, 6626, 4790, 6025, 4459, 5554, 6665, 7767, 6150, 6038, 5298, 5293, 5685, 5830, 6183, 5384, 4182, 9846, 6146, 5653, 6270, 5899, 5153, 6333, 5669, 7484, 7283, 5760, 5599, 6060, 5557, 5942, 6561]
100
[6711, 6742, 7170, 6202, 5463, 5578, 7526, 6617, 5340, 6458, 5446, 7077, 6046, 4559, 5826, 6218, 4263, 7643, 6374, 5027, 5113, 5614, 5323, 6473, 5008, 5251, 4326, 6386, 6023, 6182, 5575, 5013, 6421, 5536, 5398, 5676, 6707, 6347, 5320, 4578, 5822, 5697, 5762, 5794, 5168, 5347, 5946, 5901, 8429, 6730, 5575, 5371, 5402, 6536, 4764, 6820, 5476, 6780, 5292, 6983, 6218, 7117, 6078, 5971, 7424, 4626, 6353, 5418, 7181, 4818, 5791, 7137]
100
[7352, 5594, 7149, 5791, 5284, 6497, 7409, 7814, 5890, 5639, 5596, 5949, 5711, 5392, 6071, 6237, 7091, 6929, 5739, 7509, 6158, 6705, 3777, 5361, 3592, 5306, 8690, 6277, 5014, 5970, 6427, 7698, 5939, 7746, 10781, 6514, 4960, 6992, 9690, 7930, 7282, 6008, 6455, 5028, 6373, 5418, 7254, 6237, 6458, 6724, 5877, 6396, 6535, 7904, 6401, 7206, 5168, 6583, 4476, 7679, 6508, 7328, 6592, 6240, 7032, 5684, 7092, 6552, 6019, 6388, 7942, 5821]
100
[5655, 5995, 5274, 6132, 4940, 5080, 5590, 5933, 5048, 5305, 5471, 6405, 5388, 5728, 5538, 5682, 5438, 6403, 6906, 5839, 6444, 6124, 6038, 6518, 5474, 5951, 5886, 5709, 5634, 5933, 5191, 5527, 5783, 6781, 6974, 5988]
100
[6230, 5973, 6408, 5607, 6157, 5371, 6444, 6233, 5644, 6217, 4858, 6648, 6578, 5865, 4663, 5016, 5886, 7825, 7467, 6502, 8064, 6103, 5439, 5183, 5732, 6241, 5091, 6786, 4569, 5071, 7103, 2569, 6324, 6328, 5324, 5428, 4325, 5627, 5348, 4419, 5745, 6267, 4686, 6393, 6213, 5817, 7586, 5794, 6260, 6138, 6062, 7088, 5438, 7527, 4739, 5280, 4466, 5020, 4648, 5182, 5558, 5510, 5437, 4344, 6349, 5917, 5099, 5840, 3714, 4802, 5325, 5639, 5592, 5902, 6849, 4650, 4940, 5544, 6002, 6098, 5750, 3740, 5900, 7710]
100
[4963, 6185, 5773, 6222, 6092, 6093, 7667, 7224, 5507, 4932, 7647, 6849, 5835, 5899, 5915, 5511, 4076, 5529, 6172, 5765, 5476, 7409, 6051, 6309, 6946, 7445, 5362, 6831, 5369, 5964, 6077, 5035, 6575, 5085, 6370, 4895, 5264, 5931, 6704, 7268, 5152, 4023, 5338, 4837, 4612, 6546, 5275, 6077, 6696, 5363, 5915, 5896, 6505, 3029, 7064, 5130, 6512]
100
[5267, 5800, 5249, 5099, 5047, 4628, 5648, 5760, 6823, 5801, 6951, 6402, 5056, 5062, 5284, 6957, 5008, 6295, 6167, 5466, 5517, 6585, 4911, 5541, 5302, 5873, 5698, 5064, 5557, 3380, 5093, 5965, 7867, 6604, 4943, 5276, 4825, 6305, 5884, 6070, 5073, 5772, 5554, 5259, 5007, 5778, 6791, 5905, 5707, 5477, 7076, 5601, 6569, 5039, 5366, 6262, 5437, 5789, 4840, 4930, 5518, 6192, 5941, 5700, 5725, 5475, 6429, 5241, 5080, 5935, 5590, 5675, 5677, 6195, 5260]
100
[6891, 5769, 3927, 4644, 5400, 6769, 5762, 7192, 5726, 6066, 5623, 6682, 5918, 6836, 7151, 5841, 4068, 6094, 5442, 6727, 6494, 5437, 6868, 6412, 5199, 6323, 5693, 7225, 3097, 5217, 5871, 5662, 6257, 5099, 6019, 7311, 7111, 7161, 6324, 7217, 6845, 6421, 5700, 6077, 8080, 6745, 5673, 7205, 7317, 6814, 6481, 5923, 7456, 5497, 6310]
100
[4775, 6192, 6217, 9023, 5585, 5196, 4487, 5334, 4668, 5595, 5166, 4805, 7139, 5997, 5887, 7264, 6164, 6749, 4722, 5282, 5439, 4946, 5400, 5456, 5573, 5579, 6240, 5307, 5754, 6668, 5627, 6574, 4440, 5669, 5985, 6279, 5002, 5787, 7395, 6068, 7006, 4992, 4917, 7020, 5496, 5177, 5386, 4749, 5320, 5349, 5514, 6227, 5228, 5883, 6090, 5721, 6781, 5212, 4600]
100
[4997, 7020, 6000, 5271, 5953, 6069, 5589, 5251, 4504, 6433, 5163, 5996, 6312, 5836, 5178, 5220, 6863, 6443, 5916, 5947, 6082, 5126, 5147, 5508, 6507, 5849, 4319, 5546, 5363, 6610, 6148, 8165, 5977, 6790, 7653, 6713, 5031, 6034, 5868, 6373, 5086, 4896, 4542, 4850, 5922, 4678, 5470, 6246, 7698, 6006, 5265, 5218, 6046, 4891, 4866, 6581, 4495, 6612, 6837, 5498, 6385, 6197, 6616, 4780, 6116, 5827, 7050, 5850, 5434, 5583, 6743, 4526, 6670, 6127, 6303, 5032, 4665, 6477, 5313, 6491, 5622, 6967, 7189, 6620, 5816, 4825, 6486, 5070, 5237, 5533, 6743]
100
[4530, 7605, 5776, 6986, 6367, 5440, 5276, 4613, 4277, 6077, 4927, 4409, 3836, 5114, 4747, 5273, 5891, 5331, 6539, 5112, 4559, 7359, 5749, 5840, 5689, 5682, 6513, 5572, 4399, 4588, 7473, 6278, 5827, 5870, 6119, 6781, 5018, 5172, 5668, 5421, 5695, 6911, 5831, 4602, 6013, 6353, 5736, 4482, 6113, 5333, 6212, 6384, 6096, 4867, 4366, 6942, 5446, 6769, 4395, 7992, 4352, 6660, 4929, 5422, 5970, 4533, 4486, 5850, 5276, 6616, 6238, 6699, 5425, 4818, 6417, 5747, 6479, 5117, 5793, 7484, 7635, 6185, 5239, 7679, 5575, 4518, 5241, 4659]
100
[4852, 6271, 4979, 6923, 6239, 4311, 4727, 5191, 5908, 6416, 6395, 5398, 6762, 5253, 5263, 7564, 5963, 4660, 6048, 6477, 5157, 5858, 6196, 6608, 5265, 5717, 5098, 9226, 6525, 5801, 5978, 5624, 5338, 5539, 6958, 6055, 5030, 6947, 5364, 6015, 7217, 5556, 6695, 6924, 6280, 6419, 6408, 6731, 6051, 4973, 6214, 5391, 5310, 4852, 7093, 5672, 4914]
100
[5592, 6077, 6077, 5952, 6083, 6949, 5846, 6611, 4606, 5939, 6665, 6632, 6542, 6479, 4510, 6242, 7218, 6256, 4480, 7548, 7100, 6450, 5378, 5362, 5697, 5324, 5864, 7325, 6159, 6529, 6408, 8466, 6217, 5817, 3791, 5752, 5829, 6205, 6277, 6588, 6305, 7212, 4659, 5691, 6541, 6517, 6724, 6961]
100
[4729, 7061, 5854, 5550, 4459, 5161, 6599, 5757, 5374, 6872, 3163, 4467, 6272, 5819, 5511, 4887, 4884, 5651, 6444, 5047, 7482, 6367, 5721, 6911, 5097, 4028, 5808, 5613, 5108, 6482, 4867, 5703, 6093, 6561, 4778, 6237, 5638, 6272, 4824, 3532, 5458, 6160, 3526, 5225, 6564, 5949, 5911, 6314, 7955, 5207, 5840, 6546, 5974, 5306, 6296, 4868, 6018, 5636, 6271, 6809, 6178, 6202, 5713, 5750, 4792, 5809, 4470, 6047, 5857, 7535, 6173, 6511, 6273]
100
[4282, 4162, 6881, 5214, 3961, 5779, 4916, 7186, 4913, 5212, 5672, 5476, 5077, 8525, 6756, 5476, 5194, 6384, 5333, 5995, 6849, 4488, 6995, 3979, 5717, 5723, 5267, 5886, 6377, 7090, 5690, 7704, 7028, 5388, 6919, 5369, 6877, 5120, 6662, 6509, 6754, 6515, 4805, 5927, 5382, 5197, 6984, 6272, 6098, 5489, 5530, 7083, 6600, 5227, 5063, 6470, 4760, 5081, 6699, 4563, 6092, 5892, 5949, 7193, 6909, 6239, 6506, 5897, 5519, 6120, 6152, 6111, 4908, 6298, 6898]
100
[7110, 5972, 5675, 7352, 6683, 6778, 6667, 5474, 6134, 5415, 5597, 5606, 5773, 6427, 5846, 5673, 5636, 6851, 6213, 4824, 6513, 5867, 5109, 4964, 6720, 4959, 5370, 6140, 6407, 7821, 5412, 5128, 5687, 7103, 6783, 6128, 6524, 4761, 5552, 6246, 6796, 6581, 5469, 5551, 4721, 4421, 7116, 5825, 5859, 5265, 5407, 4885, 6802, 5383, 5881, 7720, 6519, 5113, 5532, 4540, 5420, 5085, 4282, 6443, 7224, 5798, 5793, 5693, 6102, 7063, 6485, 5388, 5484, 6130, 5484, 7047, 6023, 5849, 8237, 5820, 5169, 6456, 4252, 5762, 6100, 5094, 4765, 5452]
100
[5671, 6091, 5423, 4518, 6396, 6537, 5392, 5131, 5405, 6563, 6898, 5349, 7613, 4527, 5283, 5149, 5789, 5429, 4753, 6590, 4688, 5899, 6431, 6597, 3663, 3295, 5393, 5737, 6491, 5773, 6372, 5974, 7297, 4956, 5378, 6922, 6494]
100
[4531, 6479, 6683, 5353, 6607, 4361, 6210, 6096, 5556, 6187, 4625, 6111, 3999, 6626, 6876, 5991, 4426, 7524, 4306, 4586, 5802, 5501, 4476, 4819, 5337, 5511, 6070, 4487, 4864, 5278, 5130, 5254, 6562, 4486, 5103, 5805, 6555, 5113, 7057, 4923, 5282, 6985, 6506, 4104, 6078, 5814, 5733, 5362, 5334, 5361, 7000, 5433, 6056, 6597, 7539, 4357, 5281, 7149]
100
[4746, 6879, 5201, 5384, 6528, 5492, 6304, 7162, 5924, 5502, 4809, 5174, 6622, 6349, 4946, 4097, 5759, 4794, 6465, 6897, 5745, 5703, 4672, 6991, 6411, 7561, 5911, 6527, 6441, 6022, 5679, 3912, 5613, 5537, 6107, 4858, 5238, 4584, 5976, 6301, 7426, 5614, 7925, 5931, 5646, 6644, 5352, 6933, 5550, 7039, 5049, 5935, 5410, 5415, 6879, 6185, 4762, 5576, 5210, 6328, 5302, 8461, 6466, 6584, 4647, 5580, 6791, 6542, 5208, 5342, 7087, 5777, 5071]
100
[6577, 5215, 6802, 6736, 6091, 7204, 7060, 5264, 6023, 5803, 6614, 6524, 5561, 7085, 6787, 7276, 8059, 6408, 6139, 6550, 7727, 5551, 6333, 4261, 4355, 6750, 5856, 7157, 5889, 5098, 6042, 6614, 5000, 6915, 5638, 5839, 5888, 6441, 7348, 5847, 6668, 7390, 6391, 6493, 6643, 5710, 6809, 6082, 5102, 5699, 6391, 6578, 6589, 6167, 6815, 6952, 6389, 6318, 7379, 5985, 6861, 3821, 5726, 7371]
100
[4749, 6492, 5732, 5418, 5852, 6074, 6467, 5924, 7165, 5040, 5495, 4772, 5805, 5713, 4594, 6345, 5602, 6419, 5405, 5685, 6845, 5139, 5176, 5479, 5186, 5939, 5448, 6785, 5220, 6038, 4590, 5891, 6097, 5437, 6185, 4718, 5682, 5661, 3912, 6572, 6858, 5095, 4854, 7151, 4748, 5360, 6177, 5454, 6239, 4288, 5211, 5902, 6270, 6193, 6067, 4430, 5943, 6425, 4951, 6724, 6434, 3790, 4397, 5182, 5352, 5451, 5393, 5159, 5170, 6144, 5838]
100
[5110, 4592, 5564, 4216, 4431, 7338, 10105, 6103, 5220, 6232, 6690, 5130, 5200, 6736, 6079, 5347, 6428, 7332, 6271, 5728, 6263, 5560, 5051, 5113, 5505, 6392, 5384, 4324, 5154, 5551, 6506, 6651, 6012, 6556, 5993, 6135, 4940, 6652, 6152, 6835, 7769, 5654, 6230, 6180, 6583, 4657, 10127, 6072, 5040, 5079, 5892, 5847, 6825, 5470, 6772, 5865, 6355, 6399, 6545]
100
[5919, 5109, 5618, 5735, 4338, 6776, 5045, 5788, 7003, 5108, 5696, 5118, 5967, 5942, 3782, 5864, 6061, 5497, 7176, 5297, 6685, 4816, 6404, 3730, 4665, 5359, 5736, 5568, 4584, 5845, 6011, 6300, 7211, 6482, 5683, 5404, 6031, 5327, 4515, 5347, 6959, 5519, 6435, 4678, 5923, 4349, 5880, 5623, 6524, 4732, 6151, 4942, 6145, 4570, 4612, 7781, 5805, 5788, 5935, 3903, 5930, 4992, 5947, 3052, 7280, 6703, 4909, 6015, 6614, 5614, 5898, 5818, 7083, 5885, 6287, 3784]
100
[5013, 5678, 6033, 5891, 6850, 4386, 5782, 6131, 6306, 4866, 5932, 5262, 5900, 5400, 5987, 6761, 6032, 6722, 3986, 5442, 4312, 7069, 5494, 4725, 5025, 5822, 6423, 4681, 5057, 7979, 7287, 5475, 6348, 6042, 4353, 5217, 7049, 6178, 3439, 5637, 6858, 6707, 6061, 3699, 5168, 5548, 6063, 5655]
100
[5807, 4452, 5708, 6362, 6448, 5390, 6853, 7002, 5037, 6853, 6409, 5855, 5590, 3938, 4473, 6137, 6496, 5957, 5279, 6868, 5438, 5599, 5815, 5662, 5114, 5780, 6736, 6511, 6132, 6249, 6475, 6032, 5514, 7920, 6195, 5391, 5913, 7022, 5820, 6229, 3707, 6318, 5100, 6939, 5298, 8535, 7666]
100
[6518, 5988, 9234, 5674, 4754, 7859, 4971, 6359, 4326, 5467, 6602, 6505, 6358, 5347, 4627, 8595, 5651, 4247, 5699, 8547, 4711, 5696, 5221, 4599, 6291, 4697, 7447, 3625, 5008, 6376, 4840, 6377, 6235, 5022, 5630, 7773, 5731, 5687, 4971, 6155, 7141, 4105, 6559, 4327, 6777, 3994, 5422, 5711, 5754, 7490, 6922, 4959, 4786, 5269, 4812, 5881, 5842, 6578, 5613, 5677, 6696, 6514, 7474, 7874, 6373, 7191, 6756, 6128, 5542, 4978, 6465, 4346, 7588, 5414, 5507, 4407, 6302]
