100
[2978, 4614, 3588, 3485, 2481, 3623, 3217, 1871, 3219, 6314, 4867, 5171, 4211, 3206, 2778, 4487, 3642, 6477, 3109, 6961, 4656, 4785, 5170, 4481, 2554, 4083, 3628, 7516, 3977, 5505, 3710, 3786, 5493, 4893, 4556, 6516, 2873, 4508, 3819, 3683, 3528, 3900, 3647, 4340, 3009, 4247, 3039, 4580, 5546, 4446, 3896, 3914, 5468, 6675, 5859, 6427]
100
[4141, 5941, 3831, 5170, 2398, 5169, 5609, 5089, 5677, 6225, 2541, 5959, 4284, 7369, 6362, 5002, 3623, 3382, 5192, 3969, 4633, 4700, 4911, 2416, 3860, 2757, 5309, 2837, 3233, 4452, 3813, 4652, 2866, 5468, 5981, 4447, 5720, 4640, 4197, 5131, 4526, 4390, 6062, 3131, 7365, 4170, 6374, 5852, 2204, 6335, 4215, 5357, 5861, 4324, 3586, 2784, 3883, 4053, 2861, 5043, 2210]
100
[3038, 1784, 3986, 6099, 4022, 3519, 4141, 6080, 1976, 3044, 2320, 4403, 4574, 2883, 2456, 5390, 5379, 4432, 6585, 3869, 2942, 6172, 5374, 5380, 4470, 7519, 4497, 4153, 3202, 4327, 2840, 5623, 6565, 5460, 4842, 6771, 3891, 4816, 3747, 3622, 2780, 3709, 3971, 3809, 2950, 3366, 5604, 3903, 4861, 6465, 2355, 3383, 5947, 3491, 5612, 4976, 4903, 4016, 2760, 5408, 5466, 3606, 6013, 3951, 5880, 3484, 4790]
100
[1707, 4284, 5071, 3779, 3590, 2941, 4690, 3934, 4782, 4001, 3849, 4216, 2689, 3615, 3317, 3387, 3291, 2494, 3709, 3165, 3693, 3221, 2618, 3375, 3182, 3870, 3344, 1712, 4603, 1759, 3611, 4688, 3405, 2002, 4628, 6038, 967, 5184, 3091, 2191, 2486, 3923, 6875, 6110, 3633, 4407, 2586, 3227, 4721, 3200, 5436, 1605, 2941, 4488, 5753, 3820, 2969, 4604, 3770, 4626, 4473, 4153, 3862, 2458, 3730]
100
[3797, 2738, 3920, 3124, 2621, 6813, 4334, 3386, 2350, 2649, 2975, 4797, 4110, 5565, 3086, 5502, 3350, 3527, 5261, 3694, 5067, 5093, 3906, 3312, 3400, 5681, 1648, 4458, 2980, 2112, 5583, 4791, 6681, 2937, 5235, 4604, 4607, 4997, 4178, 7212, 5168, 3298, 3682, 2939, 3582, 5412, 4156, 5627, 3367, 5092, 4135, 4434, 3128, 6161, 3520, 3819, 3229, 2774, 5258, 4199, 2297, 3175, 4440, 4017, 3696, 4145, 4175, 3816, 4049, 6226, 3288, 2432, 6987]
100
[4010, 5963, 3005, 3128, 3750, 3338, 3519, 4945, 4045, 3502, 3174, 2376, 4499, 3036, 3032, 5735, 4403, 6988, 4015, 4283, 6715, 4324, 3635, 3292, 7059, 3878, 3466, 4374, 3621, 4384, 5049, 2145, 6273, 3659, 2879, 4924, 3567, 2040, 4435, 4314, 6517, 2613, 3076, 2913, 2538, 7397, 5876, 4762, 5746, 6385, 2923, 3917, 7415, 3724, 5149, 3194, 3144, 4779, 4168, 4117, 4003, 3033, 4372]
100
[6272, 6431, 4385, 3167, 6207, 3254, 8346, 5399, 5396, 7664, 3991, 7096, 3894, 4418, 3386, 5178, 8074, 3778, 5015, 5672, 4961, 5013, 8385, 6798, 6065, 6748, 4429, 5936, 4721, 5656, 3399, 5327, 4453, 6995, 3535, 6059, 6668, 4530, 4298, 3865, 6356, 5414, 5079, 2606, 5942, 8189, 5264, 4928, 6594, 6194, 3388, 5392, 4437, 3603, 7537, 6944, 4550, 5121, 7056, 3319, 5974, 3583, 4343, 5111, 4967, 7052, 2901, 6253]
100
[4215, 5294, 3391, 4155, 6104, 3445, 3112, 4338, 3430, 6575, 7427, 3002, 4229, 2941, 3684, 4939, 5727, 5842, 4766, 4276, 3334, 7323, 4790, 4850, 6270, 4483, 5418, 3350, 3693, 3198, 5268, 5046, 5657, 4959, 3689, 4827, 2963, 7827, 4490, 6649, 6786, 3802, 4107, 3775, 3714, 6029, 5491, 4900, 4199, 5006, 4162, 4772, 5867, 1826, 3606, 4903, 5162, 5269, 5956, 3478, 2252, 4461, 4890, 5045, 3136, 5527, 4703, 3059, 7890]
100
[5235, 4329, 4304, 4182, 3628, 6218, 3235, 3270, 3112, 3805, 3985, 5762, 5039, 4844, 4425, 5695, 6177, 4425, 3849, 3915, 4209, 5286, 5030, 3650, 5410, 5381, 4100, 5615, 4562, 2753, 6481, 3514, 3978, 6346, 4597, 3671, 5101, 4498, 4088, 5782, 4888, 6644, 2550, 5717, 7244, 5939, 6270, 2745, 4663, 4917, 5217, 4404, 4346, 4480, 6257, 4216, 4824, 6248, 4900, 4918, 4275, 3446, 3306, 3776]
100
[5074, 3315, 6627, 2659, 4288, 5241, 4508, 6497, 3796, 3798, 4078, 2659, 6164, 4036, 3290, 4216, 3652, 4931, 3343, 6542, 5092, 4771, 4122, 3471, 5108, 4100, 2819, 3298, 3278, 4194, 7684, 4676, 2362, 4868, 3922, 4865, 3788, 5626, 3309, 2917, 5625, 4964, 3829, 3501, 4094, 4142, 4056, 6017, 2984, 2843, 4560, 3743, 3180, 3086, 4461, 3254, 3993, 4745, 2825, 2917, 3466, 5457, 4289, 3778]
100
[4822, 6465, 5615, 6268, 6541, 5120, 4504, 2736, 3688, 3482, 3511, 5369, 4793, 3675, 7584, 3180, 2160, 4754, 3292, 5064, 4590, 3992, 2749, 5124, 5230, 4949, 5311, 3136, 5795, 5734, 6315, 5817, 4669, 2852, 4184, 3593, 2502, 2781, 6081, 3284, 3137, 3212, 3730, 3883, 4192, 4186, 3516, 3926, 5551, 4939, 2961, 4600, 3831, 5404, 5342, 5258, 4906, 6335, 4943, 4179, 5166, 4861, 2748, 1362, 6326, 3021, 3300]
100
[3828, 3330, 2579, 4777, 3235, 3865, 5362, 3574, 2720, 3532, 3375, 3668, 3861, 3825, 5359, 5219, 2767, 3412, 5005, 2306, 2592, 2880, 2429, 2928, 3406, 4440, 3885, 2976, 5569, 2668, 4373, 2834, 4352, 4987, 3959, 4529, 4651, 3930, 3827, 3343, 4094, 4499, 3629, 3934, 4794, 2583, 2771, 2942, 4763, 3606, 4291, 6791, 3214, 3733, 4205, 5956, 3677, 5692, 5560, 3335, 3535, 2927, 2909, 3360, 4182, 5048]
100
[2535, 4960, 3800, 5589, 3524, 2728, 4362, 4831, 4106, 4388, 3381, 4515, 4631, 4143, 4151, 4719, 2301, 3923, 2829, 6187, 2434, 4084, 2725, 4488, 4233, 2719, 2771, 3921, 6225, 4078, 2962, 4589, 5329, 2168, 4590, 1978, 3785, 6844, 5307, 2840, 2387, 4515, 4468, 4134, 4421, 5448, 3753, 5346, 3253, 4288, 4497]
100
[4048, 3445, 6437, 5102, 4860, 3201, 5953, 3696, 5075, 4787, 3441, 2352, 2803, 4233, 3289, 4864, 4316, 5160, 6020, 2502, 4927, 4513, 3280, 3554, 3563, 7308, 3840, 4378, 7233, 7183, 5880, 2706, 6028, 3978, 5715, 5224, 6781, 4827, 4692, 4333, 4219, 4173, 4572, 5905, 6570, 4408, 5047, 3815, 6945, 3694, 3942, 4713, 6824, 4550, 4190, 4363, 3291, 4363, 5992, 5753, 3774, 3365, 2715, 5756, 6322, 5718, 3526, 4572, 4424]
100
[3878, 3221, 5350, 6000, 4289, 5377, 4914, 4575, 6721, 4994, 3946, 5663, 2259, 4831, 2583, 5830, 4432, 3098, 3389, 3783, 3886, 3667, 3657, 2991, 3187, 4810, 3097, 7466, 4397, 5591, 5298, 4396, 3442, 7190, 6120, 3885, 4159, 5782, 5274, 4762, 4966, 3125, 3450, 4441, 3687, 2995, 4781, 2310, 2960, 3634]
100
[5718, 4327, 5882, 1710, 1148, 3254, 4062, 4329, 3363, 3241, 3347, 5591, 2825, 5485, 4218, 2718, 3279, 3652, 3537, 4139, 3708, 5087, 2589, 3500, 3878, 3384, 5052, 3120, 3050, 3412, 2638, 3007, 4458, 4005, 2749, 3962, 4127, 5838, 3692, 3770, 5026, 6067, 4130, 4975, 3016, 3764, 4148, 5162, 4150, 4249, 4071, 4439, 3606, 5541, 4251, 3076, 4048, 4142, 3280, 3322, 2827, 4125, 2880, 2811, 3526, 3581, 5888, 3708, 2945, 4073, 5193, 4748]
100
[4034, 5362, 4281, 5451, 2424, 3741, 7003, 4523, 4412, 3478, 3287, 2987, 5843, 5775, 4016, 2206, 2913, 4050, 3939, 3923, 2574, 3589, 5740, 4191, 3032, 3680, 2470, 3507, 5299, 3043, 3188, 4393, 4017, 3619, 2442, 3989, 3773, 2354, 3885, 3187, 5586, 3904, 5498, 5618, 3326, 6360, 3062, 3221, 5491, 4121, 5472, 6533, 5189, 4355, 3134, 3485, 5785, 2295, 4128, 3012, 3395, 3983, 2422, 4625, 3414, 2444, 2307, 3619, 2784, 4688, 3058, 2825, 2551]
100
[2633, 3703, 2736, 4157, 4326, 3184, 6130, 3063, 3855, 4659, 4370, 2890, 3111, 4373, 5277, 4460, 5003, 6195, 4234, 5000, 7301, 3902, 4211, 3340, 3565, 2649, 4625, 3650, 2672, 7284, 3908, 4634, 3063, 5594, 3626, 4691, 5709, 7046, 4137, 6788, 4199, 5928, 4702, 3412, 3323, 4741, 2928, 7005, 5217, 3560, 6931, 4315, 4142, 6523, 5243, 6030, 2408, 5935, 5567, 3871, 3291, 5209, 3801, 6606, 4455, 4300, 4973, 3950, 6228, 3516, 5010]
100
[3369, 3987, 4510, 4199, 4470, 4551, 4537, 5781, 6803, 5498, 3342, 4795, 4480, 2199, 3059, 5032, 4396, 4985, 2796, 4054, 3751, 4398, 2501, 5384, 3647, 2965, 5641, 3652, 3357, 2794, 4642, 4890, 4690, 7772, 3035, 5363, 5113, 2804, 5254, 4667, 5063, 7045, 5416, 5149, 3313, 3110, 2789, 5275, 5049, 4258, 2663, 4033, 4666, 4696, 5609]
100
[3612, 5223, 5413, 4921, 3933, 4137, 6937, 4242, 3505, 2550, 6281, 6206, 7678, 5903, 5780, 5220, 1906, 5449, 5540, 6071, 3413, 2845, 5904, 3937, 3494, 3742, 7212, 4019, 7360, 6146, 3405, 1799, 6236, 4960, 5953, 4741, 4449, 6413, 3167, 2740, 5677, 3137, 4492, 5566, 6428, 3891, 3339, 6088, 6097, 4586, 5119, 2465, 4619, 5724, 6258, 3382, 3021, 3246, 4149, 6500, 3302, 3667, 2300, 4370, 3377, 4350, 5161, 5396, 7075]
100
[4245, 5990, 4291, 6347, 4370, 6098, 3927, 5206, 3373, 5348, 3398, 4938, 6697, 6136, 6104, 5987, 3387, 4961, 4448, 7312, 5978, 6701, 6499, 5994, 4395, 6807, 3028, 3917, 6190, 5165, 5866, 4290, 3791, 3498, 4947, 4041, 7261, 3454, 7370, 2861, 5064, 6351, 6159, 4579, 6194, 3912, 4365, 4952, 6837, 4850, 7273, 4554, 5230, 3434, 4695, 3620, 3942, 6974, 7716, 5796, 5855, 5745, 7172, 6130, 3072, 5805, 7140, 8269, 5762, 4170, 5405, 5021, 2494, 6386, 5489, 6296, 5454]
100
[3400, 6126, 3978, 5310, 4719, 3149, 5370, 4769, 4741, 2762, 4577, 6225, 5332, 7217, 3044, 5502, 5488, 7167, 3768, 4552, 5188, 3688, 2763, 5308, 3956, 4637, 4874, 4667, 3809, 3892, 4212, 6279, 3757, 4979, 4710, 4798, 5468, 3205, 4997, 2401, 4699, 5550, 4105, 4076, 6876, 3238, 2960, 4833, 3481, 5032, 3391, 5149, 4516, 4411, 4594, 5050, 3445, 6391, 3661, 6273, 5279, 4540, 2027, 4708, 3671, 4583, 5206, 4378, 3839, 4726, 6455, 5973, 4921, 5184, 6472, 4385, 4400, 3218, 5048, 4220]
100
[3194, 3598, 4283, 4299, 5673, 5714, 2558, 2037, 4479, 3400, 4932, 5783, 4143, 5134, 4741, 3188, 5530, 5339, 4217, 5058, 4825, 4412, 2519, 2699, 4807, 3874, 2446, 5087, 5925, 3477, 3917, 3631, 3701, 2344, 6092, 4346, 3030, 1752, 5552, 3352, 5391, 5274, 6906, 6296, 1012, 6441, 3089, 5721, 3576, 5440, 5376, 6893, 5466, 5559, 4560, 3780, 4802, 5503, 6363, 6144, 4328, 4281]
100
[4381, 4467, 6716, 8399, 7023, 4037, 2329, 3236, 7248, 2578, 3578, 6460, 3958, 6458, 5223, 5017, 5564, 4116, 3314, 5299, 4907, 4587, 4718, 3055, 6410, 4420, 3824, 4304, 5204, 3368, 3398, 6384, 4941, 5377, 5557, 4647, 7067, 4608, 3649, 4298, 3646, 3518, 3765, 4662, 4945, 3768, 4986, 2724, 2803, 4672, 4392, 5441, 3539, 6215, 4751, 3523, 3288, 4478, 2991, 4943, 3581]
100
[3970, 4939, 3349, 3457, 2644, 3501, 2773, 5056, 3618, 3377, 3683, 3294, 4725, 4674, 3739, 4073, 3492, 3236, 2519, 4814, 4600, 2602, 2694, 4476, 2620, 2608, 2608, 4859, 5873, 3265, 3949, 3929, 6136, 2445, 3189, 5705, 3037, 3162, 3487, 5091, 4064, 2859, 3984, 2667, 1221, 4615, 4848, 4009, 3250, 2850, 3864, 3106, 4388, 3181, 4322, 3578, 4607, 5585, 4454, 4267, 5575, 6914, 5646, 5664, 3484, 3544, 3687]
100
[4067, 2465, 3155, 4728, 5062, 5925, 5757, 5062, 6437, 4805, 4274, 4590, 5283, 4792, 4936, 2980, 3433, 7205, 3739, 4169, 4884, 3401, 3312, 6893, 4869, 3746, 3244, 3195, 4734, 4916, 3527, 4408, 4782, 4350, 2881, 5100, 3796, 4540, 3302, 3437, 4770, 3186, 4993, 5269, 3432, 3755, 4090, 2988, 5832, 3668, 4725, 2596, 4584]
100
[4637, 3407, 3556, 4230, 5100, 4480, 4520, 2545, 2028, 3928, 1172, 7245, 3452, 3489, 5340, 4840, 5738, 3625, 2811, 3994, 3860, 3275, 3202, 3523, 3445, 5012, 5460, 3566, 6896, 2805, 6398, 3738, 4425, 3746, 3096, 4135, 5863, 4980, 3394]
100
[3391, 5253, 5256, 4896, 3785, 4356, 7162, 5428, 2980, 3113, 3516, 5687, 7386, 4257, 2660, 4303, 5746, 5620, 4636, 3538, 2726, 5213, 5768, 3138, 7243, 4438, 4212, 2788, 5167, 2930, 4827, 4439, 5239, 3044, 3277, 4024, 6379, 3910, 3850, 5299, 3381, 1064, 6853, 4295, 2661, 4330, 2971, 3126, 4666, 5716, 3830, 5667, 3580, 5551, 4085]
100
[4236, 5367, 4887, 2772, 2777, 4076, 3404, 3603, 4397, 4517, 7684, 3477, 6629, 4937, 3739, 8948, 3413, 2595, 4372, 5566, 4869, 7188, 3022, 4054, 2548, 4047, 6062, 7644, 5673, 4108, 7671, 5139, 3982, 4763, 7296, 6505, 3063, 2415, 2710, 5120, 4038, 3607, 5784, 8555, 5583, 6605, 4902]
100
[3073, 1853, 4529, 4746, 3153, 3706, 2697, 3999, 4471, 3138, 2669, 4426, 4523, 5248, 4314, 5628, 3749, 4636, 4205, 3662, 3332, 4047, 2766, 6539, 7052, 5325, 4264, 2972, 3289, 3580, 2243, 2958, 6485, 2954, 4377, 4219, 4237, 4868, 4525, 3884, 2480, 3975, 3942, 4268, 3082, 3987, 5350, 5747, 2631, 2957, 4281, 2794, 3097, 6058]
