100
[6069, 7709, 7453, 7260, 7594, 4498, 6706, 6860, 8331, 6074, 7906, 7806, 7048, 10606, 6851, 8359, 7289, 6865, 8609, 8820, 8716, 5898, 7806, 9176, 9767, 7015, 6651, 7650, 6710, 7567, 6952, 6565, 6196, 6308, 6989, 6566, 7539, 8728, 7495, 7045, 7980, 6198, 7844, 5412, 6290, 6771, 5675, 6961, 5499, 8149, 7028, 7296, 10616, 10750, 7961, 6766, 6724, 6748, 6700, 8673, 6494, 7800, 6436, 7375, 8086, 7827, 7429, 7854, 7226, 7741, 8332, 7017, 8365, 7800, 8215, 6660, 9547, 5387, 7913, 7394, 8375, 7827, 8411, 7844, 8588, 7847, 5520, 7004, 6104, 7337, 10216, 6698, 7171, 7265, 6938]
100
[8144, 6343, 6435, 6757, 6951, 6700, 5605, 6083, 7051, 5926, 8011, 5533, 6563, 6594, 7596, 7385, 6905, 5762, 7767, 7849, 5748, 8067, 7421, 5687, 7981, 5307, 7012, 6748, 7393, 6146, 6702, 6333, 6735, 7062, 6221, 7222, 8408, 7332, 7107, 8133, 7911, 7482, 5834, 5853, 6694, 7098, 6730, 6283, 6452, 6000, 6388, 5450, 7001, 7852, 7283, 6006, 8600, 8436, 5945, 6709, 5443, 6469, 6489, 8098, 5243, 7226, 7198, 7457, 5959, 6256, 7618, 8371, 7293, 5678, 6665, 6700, 7808, 6930, 5274, 6927, 7170, 6878, 7400, 6793, 7248, 4556, 6801, 7021, 6692, 7283, 8498, 7068, 6612, 8291, 6032, 6226]
100
[6027, 7854, 6868, 6133, 6796, 7196, 6140, 6216, 6165, 7362, 5613, 5975, 6308, 6042, 6045, 5628, 7901, 5192, 6130, 7092, 6644, 7179, 7634, 6849, 4891, 5845, 6587, 7244, 5846, 5913, 5846, 6398, 5320, 5536, 6463, 7412, 4980, 6115, 6584, 6097, 6102, 6779, 6939, 6815, 5318, 7764, 4501, 6586, 5928, 6800, 5376, 5089, 6567, 7169, 6682, 5413, 7962, 7446, 6285, 6030, 5675, 5901, 4794, 6161, 5171, 5554, 7109, 6187, 7023, 5518, 4982, 7446, 6472, 7030, 6400, 6377, 6219, 6943, 6807, 5608, 5502, 7050, 7200, 6458, 6744, 4982, 5660, 7464, 6460, 6965, 6839, 5376, 7157, 6465, 6303, 5654, 6268, 5457]
100
[6474, 5831, 5933, 5812, 6112, 6284, 5728, 5265, 5050, 6980, 5907, 6231, 6133, 5446, 6536, 5975, 6269, 6731, 6286, 6660, 5979, 6294, 6712, 5771, 6790, 5722, 5628, 6461, 6616, 6502, 6072, 6032, 7161, 7100, 6252, 6864, 7093, 5836, 5867, 6555, 6496, 6662, 5513, 6044, 5996, 7382, 7201, 6556, 5706, 7472, 5387, 6833, 5044, 7574, 6847, 6205, 5418, 5365, 6525, 6336, 5762, 6813, 5849, 5258, 7474, 5865, 6117, 5091, 6235, 6439, 6394, 5487, 7022, 6826, 6401, 6020, 7368, 6362, 6556, 6493, 7628, 6861, 5996, 6135, 6209, 6415, 7591, 6571, 4889, 6049, 5778, 6222, 5744, 5539, 5301, 4770, 5124, 6068, 6612, 6104]
100
[6902, 8029, 10242, 6464, 5166, 8746, 6484, 7086, 8183, 6800, 6768, 6309, 6723, 8377, 8185, 6901, 6712, 5709, 8366, 6838, 6522, 7746, 5676, 9495, 7856, 6049, 6441, 7878, 6579, 6531, 7093, 5940, 7871, 6911, 6900, 9278, 6801, 8919, 6386, 6705, 8027, 7302, 6634, 5842, 6436, 7280, 7275, 8477, 6549, 7086, 6493, 7037, 7233, 6741, 7964, 8148, 6825, 5728, 7939, 5979, 6016, 5594, 6209, 6169, 7257, 6083, 7137, 6298, 6175, 6926, 7234, 8544, 4917, 7927, 8151, 8267, 6773, 6776, 7956, 6664, 6457, 8220, 7199, 5867, 8450, 7605, 8267, 8035, 5650]
100
[7802, 6937, 6955, 7296, 5231, 8035, 8029, 8386, 7816, 6747, 6611, 7805, 6876, 8296, 6327, 7581, 6942, 7526, 6862, 7661, 9442, 6623, 6238, 7400, 6611, 6551, 6877, 8057, 6836, 6948, 6374, 7781, 8358, 7169, 5755, 6426, 6243, 6474, 5758, 7382, 4995, 6561, 5421, 8223, 6723, 6472, 7560, 6830, 5968, 8256, 4837, 5978, 7824, 5765, 6324, 6784, 8026, 7568, 8907, 7967, 8119, 6638, 6575, 6695, 7395, 7530, 7162, 7046, 8167, 6714, 8680, 6432, 7450, 6739, 7295, 6933, 6971, 7057, 5799, 5803, 7130, 8808]
100
[6430, 7924, 6695, 6144, 7684, 6657, 7194, 7127, 6847, 6680, 6780, 7645, 6539, 4908, 5894, 6764, 7682, 5850, 5323, 6317, 5688, 8772, 5732, 5460, 6893, 6816, 7280, 7258, 7229, 6348, 5735, 5578, 7791, 6139, 6397, 7084, 6086, 7278, 6809, 5924, 5912, 6049, 6894, 8432, 6109, 8360, 8468, 6498, 7166, 6416, 6121, 9859, 6424, 6426, 6714, 6689, 5901, 6280, 7478, 5720, 6765, 7339, 10625, 5834, 6118, 6929, 7637, 7192, 6894, 6593, 6172, 8037, 7140, 6665, 7460, 6612, 5706, 6600, 8099, 7417, 8104, 7304, 6422, 6749, 6504, 5927, 5550, 6097, 6276, 6189, 6077, 6605, 6727, 6791, 6176, 5616, 6996, 7772]
100
[6166, 7656, 7232, 7018, 6719, 8025, 7386, 6864, 5477, 7742, 7896, 6125, 7585, 7510, 5843, 5287, 4782, 5873, 7285, 6001, 6965, 6898, 7679, 7888, 6464, 6226, 6533, 6724, 8627, 4882, 6608, 7186, 7550, 7169, 7753, 7518, 6062, 6974, 5147, 7961, 5612, 6052, 4657, 5786, 7559, 8656, 5452, 7662, 5335, 6960, 6659, 5294, 5678, 5081, 5897, 6841, 9404, 5256, 5723, 7036, 5427, 4780, 8074, 7199, 7532, 5988, 6322, 5378, 8305]
100
[7429, 6760, 5034, 6758, 7380, 7293, 7718, 7109, 7811, 5554, 6444, 6213, 7652, 7218, 6696, 7453, 5793, 7376, 7610, 7667, 5904, 7093, 6060, 5915, 6213, 5428, 6502, 6750, 7608, 6296, 7053, 5971, 6419, 7604, 6683, 7200, 6422, 5789, 6481, 5976, 7229, 7332, 5545, 6739, 8051, 7781, 6095, 6227, 5935, 5779, 5693, 6179, 6768, 7097, 6806, 5658, 5922, 7612, 7046, 6465, 7293, 6960, 6546, 7080, 7267, 6343, 5549, 6819, 7958, 7585, 6653, 5317, 7967, 6044, 5050, 6345, 5872, 6617, 7999, 7332, 7324, 6391, 7652, 7631, 6643, 6715, 6344, 4800]
100
[6704, 5989, 6233, 6393, 7524, 7745, 5683, 5933, 6874, 7097, 7106, 6697, 7322, 8435, 5673, 7387, 6577, 6581, 5794, 7058, 7239, 6995, 6626, 6697, 8298, 6416, 7111, 5384, 6301, 6347, 7315, 6525, 6218, 7227, 6810, 5910, 6646, 5985, 6307, 5823, 6886, 8547, 9236, 6746, 7385, 7468, 7686, 6483, 6570, 6241, 7586, 6017, 5744, 8096, 6264, 5979, 7534, 8266, 7595, 6578, 6021, 6510, 6660, 5952, 6591, 7580, 6982, 5336, 6519, 8503, 6984, 7582, 7509, 6235, 6416, 5968, 7134, 7627, 7883, 6390, 8649, 5497, 6571, 6908, 6343, 6959, 6792, 6915, 6967, 6346, 7818, 7653, 8060, 6277, 7660, 5656, 5931, 7588, 5865]
