100
[6306, 4286, 5358, 5892, 6252, 6483, 5818, 5346, 4931, 5008, 5353, 6638, 4619, 4407, 5326, 5361, 5582, 4959, 4513, 4713, 5592, 6575, 5470, 6501, 4998, 7001, 6317, 5776, 5609, 6342, 7682, 5847, 4963, 5072, 5413, 4404, 5198, 6529, 5935, 5052, 4247, 5607, 5211, 5914, 5742, 5510, 6015, 6570, 5246, 6128, 6525, 4116, 5740, 5003, 5618, 5890, 4506, 4799, 5009]
100
[6178, 5124, 4963, 5655, 4604, 6107, 4961, 5807, 4584, 5297, 6415, 5489, 4857, 4881, 5845, 6856, 6548, 5782, 6106, 4174, 5737, 5848, 5296, 4809, 5308, 5050, 5255, 5092, 4852, 5687, 6477, 6942, 6208, 5658, 6162]
100
[5622, 5405, 5752, 5024, 6429, 4383, 5992, 5237, 6312, 5397, 6594, 6434, 6463, 4800, 4726, 6365, 4985, 6547, 5740, 6357, 5181, 5848, 5801, 4307, 4135, 5648, 5481, 7313, 4759, 5208, 6400, 4229, 5268, 5133]
100
[5561, 5493, 6366, 5625, 8485, 4292, 4879, 4862, 4623, 6040, 8344, 4785, 5110, 3992, 5694, 5846, 5263, 5027, 7419, 6193, 5877, 6059, 6577, 4881, 6380, 5503, 6757, 4050, 5572, 4898, 5167, 5631, 6206, 4703, 7911, 5314, 6200, 7301, 5054, 5694, 6200, 6483, 5552, 3981, 4252, 5782, 6299, 5715, 4403, 6453, 3929, 6370, 9565, 5779, 5431, 4459]
100
[5733, 5094, 6952, 5774, 5262, 5069, 5687, 5475, 6019, 4506, 4708, 5418, 5295, 6387, 5028, 6523, 5832, 5177, 6420, 6347, 4900, 4791, 5237, 5224, 5415, 5344, 4844, 5757, 5060, 4126, 6019, 6296, 6996, 4653, 5604, 5587, 5821, 5921, 6179, 4927, 4984, 6274, 5245, 6461, 4742, 4713, 4638, 6741, 6199, 5078, 6499, 4742, 5202, 6458, 6366, 6623, 6681, 4131, 4058, 4255, 6673]
100
[5386, 5095, 5366, 5707, 5018, 4804, 7092, 5121, 7187, 5737, 5655, 5769, 5496, 6740, 5336, 7385, 5978, 5727, 4490, 5257, 4731, 6726, 6602, 5042, 7452]
100
[5604, 7924, 8097, 5057, 3858, 6783, 6853, 6056, 7075, 5011, 5811, 6328, 5740, 5932, 6558, 5029, 5691, 6137, 5844, 5241, 6049, 5889, 5439, 5589, 6159, 5682, 6105, 7017, 4426, 6004, 10220, 6606, 5727, 5385, 5580, 5372, 4745, 6411, 4274, 5500, 6019, 4931, 6635, 5449, 7984, 6352, 6022, 4106, 4847, 5179, 6234, 8390, 6448]
100
[5101, 5631, 5426, 6793, 5228, 7490, 5195, 5859, 6296, 8680, 5245, 5851, 5048, 5670, 5548, 5477, 5828, 4231, 5680, 5711, 6757, 5294, 5069, 4479, 6120, 6002, 5544, 4783, 8483, 4346, 4433, 6356, 4624, 4558, 5233, 4495, 5865, 6025, 4980, 6571, 6522, 5500, 6794, 5752, 6106, 4496, 5661, 5213, 5467, 4789, 5489, 6445, 5749, 5115, 6289, 5973, 5908, 7183, 6665, 5424]
100
[5994, 4965, 4755, 7455, 5657, 5224, 8081, 4436, 5550, 5446, 5422, 5897, 5820, 5246, 5445, 6316, 5184, 6423, 6263, 5371, 6275, 5063, 5827, 4520, 4745, 5976, 5960, 6097, 4670, 6310, 9009, 6219, 5297, 8075, 4361, 5629, 5296, 6033, 4698, 6061, 5895, 7102, 7572, 4987, 4894, 4761, 5554, 7479, 7165, 6932, 5359, 6759, 7340, 6224, 5557, 4880, 5016]
100
[6292, 4736, 5466, 4668, 5058, 5349, 5721, 4129, 5386, 5341, 5365, 6997, 5582, 7781, 5248, 4755, 4758, 5130, 5677, 4035, 4772, 4903, 5144, 4474, 5287, 7051, 4869, 4428, 4825, 5377, 5101, 4984, 7017, 6269, 5296, 6855, 4794, 6145, 7513, 4703, 5964, 5431]
